34541863
64163367
91231901
73262676
37478723
64867422
90861137
44256816
86988864
11714098
83994646
67048711
23771716
86198326
14261867
24140059
6850209
49140998
68170903
21597117
8949584
295517
32207100
51351302
5728014
23587624
28596933
30012506
13026402
65172015
28645123
10493654
59332125
6552971
77421977
85327820
54374642
22933016
69381150
96146814
12694768
89718302
1561110
80801743
1966438
27412542
70832512
27744077
60990740
71422989
3900605
49771608
67748760
15308295
44179224
52240819
88412339
99634927
2368215
24907044
78310590
51028231
25629622
39024589
7279373
51391183
59057953
4682617
21044178
40387124
77297908
86578200
70564929
87390798
50179591
23784496
13662809
41803903
18318842
97232518
88409165
19596712
8719957
72932673
79206750
60202749
34707034
97697447
89801755
44223284
37675907
34838437
86066372
98444741
98865920
62476197
15808381
77568553
21323861
41356845
35956022
21051977
47372349
33656832
35498188
99004583
82777208
81555617
11302671
10286023
47897376
74891384
99927991
46552140
9341993
85914562
45730592
9464441
47674738
73079836
48519867
72957245
62325062
53828396
94119480
51630558
38589847
76224717
12644061
61314842
46052429
10678778
47060347
7935043
70875955
83094004
56804361
28865322
82263578
25345186
43575579
64952266
2411269
16135253
86377375
69023354
98864751
8353769
18036057
84747429
48202661
35877582
38035986
28776350
36904469
38837163
25795273
87746184
25451383
65301952
78121572
65384019
17573739
98787535
86120751
97973962
43096270
47728740
652362
17490535
15475415
62437709
62315111
38468214
76573247
64160836
99532708
24104865
63253763
58012107
97127906
74974229
25920413
58066722
91070115
98719226
70924884
70335319
30834988
64428736
3366982
1475311
87257460
23756165
50140163
92881099
3544583
40155554
26593852
89386122
36629203
8822710
8233522
45586855
9888196
45033006
69461394
25771826
19204398
76650663
45450218
72845813
55982698
52265835
3648368
85876417
71438011
22371016
82377606
59482302
92998610
77797992
42023223
99785935
73304257
10406322
21070956
80143954
21187631
86885905
98753320
12977245
85673903
2547033
1508649
76685519
52927340
35146019
53143898
25533642
23790299
42790071
57769391
59185998
93503294
27541563
89538537
27632240
62962630
27024795
2139640
32181268
43739056
18988391
20073910
662855
66984907
92650018
29867611
55262310
97182396
93473606
94821366
30829071
22662014
67314110
20989253
33773528
6374519
37803970
70389815
17968114
91869203
67987611
10928224
73574678
57312333
29654737
4591250
55821894
36100154
79965360
83407038
47480070
68507541
84539520
15951532
53162898
71209500
6459419
81325903
31102447
94004268
10979723
89567993
712559
22082163
41224658
98927491
36378213
77972406
95174353
40213117
98287529
33300669
34522216
69072185
7305060
50554729
70917315
47598941
6283472
32687071
79794767
23160024
67371383
40173854
64342551
20665527
303660
75380687
5183693
61160289
23927567
19763315
58324930
52296675
42431843
78665705
34487429
50781944
38520918
93221206
25862681
26304459
87624166
31557782
10547580
10509340
60953949
80045583
92001300
44052074
67829249
1953925
4446672
30435145
40830387
70147689
1278431
64061284
18486927
86321248
50933533
83104731
95735217
87182127
42878636
81269231
39303359
37663536
44874522
47482043
56094445
37457534
44052075
59811955
17663375
81492226
54912977
11830996
43230671
14015067
4179255
10667321
25958491
36821538
17092736
49587396
86421986
33545259
6438003
13923256
60033398
77539547
32422602
76416959
40140448
82791472
2801664
40428851
65711558
33609093
82255872
4810585
62528292
58116537
11711438
47594939
15013468
53266486
82243738
56784842
42216237
44822037
87979586
65612386
73979030
98022050
595626
29603180
48365709
34236961
13250922
89904598
42364257
65064143
72150572
97120394
20138923
53112492
58921041
43583400
58844135
41098335
31975743
41158734
4280258
40061558
27279764
91392974
56132807
43341600
5846183
78225596
27157996
41830887
3507053
3875465
4729591
77102944
81769387
30996652
78447174
66380357
30118200
43262273
30603688
9156135
64977888
48539234
96427353
95132338
86164529
7653207
85639257
12436646
40916023
28325165
92053608
66668900
39260991
78910579
64437633
46337945
22377815
91831066
65446452
29047353
16889337
64276752
99189322
64454614
62892347
69831560
5861892
8396952
35781051
61175706
97574404
34568403
60953118
97452817
23846921
6150044
11819473
93880808
40048324
55001420
17896384
31924889
14553285
45349196
92039899
68371799
57624336
28423537
31766317
48675364
84341431
66540884
14430063
75889523
15150371
50287060
63883999
49881766
59969392
61248471
95825679
64635042
32775808
22796548
56246017
21438286
59509952
18378582
33212663
6728559
38173725
40502912
56827051
29904964
33282498
14708569
36151751
88033975
28493337
28985331
53153481
90374791
61606250
75906310
34611551
97091969
59464593
84425220
980973
46384672
73879377
58153103
57030525
21546416
94141712
57605303
9076207
29330706
84430950
20470500
36768783
43378048
60110982
79155167
79649195
87798440
58827995
7180418
16272453
65150219
2148918
62742651
86915847
29374928
67159705
75220074
36868108
50789693
15480588
16246527
17535588
17170970
20277860
73333463
29071332
38960450
22493812
29687169
5050644
29189613
21452275
300202007
85967160
22174866
96789758
14169843
40663548
58569561
16759958
21200905
38148100
79656239
34172284
69296555
29508346
365213
42364374
55348096
85489096
34755994
11475049
85080444
12697630
84268896
8873112
7480763
69840739
48086335
29223325
47863787
34267821
80237445
85103922
12444060
20292186
69304426
56611470
7913375
21223277
71821687
88301833
37910722
27821104
14558127
99657399
85771020
88190790
3431737
23338098
70456282
80773359
16051717
17994645
53389254
76407432
72714226
77036039
80280737
88332693
62633180
93469007
74431740
56252810
39015
40012727
87043568
29863101
29311166
69170403
37053871
64591429
76794549
2134346
88236094
66719533
6112401
48964966
8078366
74311226
37104630
706925
26976414
87340664
92361635
79875526
63689843
31175914
84389640
68786330
91989718
83715234
85352446
46083380
59048135
4709881
7183277
22386234
70089580
37970940
97661969
58990631
71453557
80250185
29139104
82140600
99284890
91420202
69514125
17469113
82832464
62256492
74426895
92652813
65268179
410904
53701259
84914462
40619825
19578592
48305365
42969214
42502956
75081613
40908371
77411244
89832901
975299
14148099
75937826
82821760
84257883
15317640
22790789
44954628
67073561
88819587
40380686
92729410
28118128
12533811
36042004
83272895
47453433
59919307
68833958
82705573
84976088
71172240
32603633
97947705
63528891
36280194
28486799
97677329
95637655
82593786
46253216
76004142
40633297
53318263
440556
7165085
67443336
8567955
242146
80584548
39892082
28062325
300103003
61528025
94853057
87112784
10012614
48814566
55705473
81992475
54702678
41925941
11813722
86325596
84815190
6840573
51369889
78783370
81480461
67841515
10476868
13117073
89127526
84478195
19740112
46145256
47961808
73356503
10963799
96700602
69167267
88610708
89091579
81344637
72076281
61181383
60549248
63142001
47346845
19733961
83446909
55401221
74730899
19441018
56839613
44586426
44586427
22047978
10389143
19665973
48094997
43225434
60534585
31245780
60530944
5053103
74752631
18246479
64178868
71652522
5052212
15629801
55550921
94463200
40424929
78621186
39389320
42233477
69695704
90161770
27565379
26443791
91283212
53950487
80949182
25221249
65899613
28388927
54772065
86325573
76589815
4549095
5361647
79867938
23232295
61679541
24184846
35537251
32750341
68144350
13313278
36916401
83755611
47474172
36092504
40133511
50371210
6103114
84990171
80141055
46009906
78651105
50675040
19028307
21984400
11761845
83903521
9999961
84962466
35149085
21362970
72378329
16796157
99426834
81933259
300302006
99011763
93850652
300202002
46924949
27552504
29616941
16899564
6625096
32452818
58400390
16255442
1474910
49522489
34408491
8763963
30587695
2834264
64213017
39041550
6628343
32360466
20374520
94022093
22996376
33731070
33655493
22953211
94662235
73345237
77207191
59808784
20747792
85605684
39168895
52497105
15471265
5402805
15381252
56535497
42901635
79418928
39256679
66500065
25655502
58685438
83392426
61127349
32696942
95472621
84808313
16768387
53606874
51254277
42129512
89235196
25247218
65240384
51562916
18322364
84677654
59380081
80088625
79016563
8058240
93437091
7670542
58696829
74130411
84845628
75252099
45547649
5439384
35539880
92142169
50122883
44702857
36211150
36694815
2095764
31677606
50896944
96029574
67381587
61901281
56562619
36262024
75672051
40279770
71645242
50323155
32754886
41426869
55761792
5405694
72989439
77498348
92510265
49202162
54484652
76792184
93969023
65169794
76218643
90654356
74416224
72278479
73580471
33698022
88671720
67284108
11901678
72930878
79409334
52833089
38670435
52319752
91351370
9925982
9012916
67779172
44028461
67647362
80254726
53519297
91642007
60992105
87564352
31053337
4068622
17465972
89040386
9925983
22835145
25435080
43906884
49003716
16516630
89258906
52900379
88305978
58131925
19462747
11613567
78564023
9109991
2009101
26775203
28190303
9929398
17377751
52869807
77152542
3072808
36442179
87390067
38562933
85215458
41902352
49460512
81105204
46710683
95040215
73652465
55610595
58820853
33236860
81470373
75498415
9047460
73534250
72714392
14785765
76913983
69031175
54082269
81983656
82944432
70194827
78509901
39507162
58268433
97023549
28470714
11685347
89041555
70138455
21051146
26302522
98239899
53804307
99788587
21466326
69537999
52198054
4059313
6602300
16984449
92518817
5464695
75249652
10723472
15177750
82422049
30653113
32015116
22802010
49267971
35215622
51706604
61802346
43694481
28348537
50920465
96565487
60161788
25880422
94689206
72580321
79636594
48115278
34743446
48115277
53167658
30757396
97783659
84988419
34974462
24672164
99092624
13438207
25551951
14568951
55969226
40217358
50903514
20871001
54582424
98884569
14089428
7953868
35282433
64202399
43228023
38517737
20654247
55410871
53347303
57043986
59822133
53183600
2129638
23995346
89631139
41396436
55349375
22346472
40634253
21340051
8715625
12146024
48531733
57409948
60709218
79402185
6890729
45898858
37675138
21239280
47778083
98456117
59834564
263926
68963107
27923575
24425055
96704974
35480699
2204140
31834488
14087893
91595718
38699854
14839621
12986778
80457744
12023931
36668118
70950698
36322312
938717
63717421
9715126
13316346
96699830
62753201
6556178
30131474
67288539
98630720
68987122
31833038
6247535
92892239
7987191
27548199
85289965
66947414
84824601
20546916
81386177
76532077
29401950
9540040
53610653
32296881
48582558
52090844
55351724
81587028
61156777
45025640
16507828
87910978
81919143
17313545
39531794
40267580
85668449
59258334
30548775
62022479
82738008
34995106
36637374
74277583
88305705
66740005
9852718
56526564
4008212
63851864
22923081
71413901
69217334
78474168
96218085
44221928
20101223
52840598
24707869
16719802
34848821
7394770
3105404
2102065
50321796
27217742
41587307
60930169
88086137
6353603
66762372
92572371
58504745
93751476
49785720
43748308
46241344
61472381
98093548
70355994
17475251
74168099
89856523
39699564
37057743
35488287
20265095
62694833
44860890
66084673
30929786
75132317
1662004
2521011
93877990
96381979
93294869
79126789
6214884
36569343
36809777
30155789
63503850
79777187
53586134
58531587
61622107
80075749
61968753
6104968
10971759
86643777
47185546
23979249
70026064
9418365
92586237
53678698
63049052
35183853
30338466
29981935
32339440
68045685
73906480
11221418
66727115
42551040
88940154
68601507
89662736
23857661
59251766
16157341
94096616
10860121
50474354
69723159
11958188
56574543
86868952
5818294
80555062
32202803
71095768
68618157
1855932
75840616
73289035
55599882
33611061
36088082
69380702
44947065
86690572
6297941
48976825
53797637
41859700
55870497
59364406
46898368
24294108
26293219
18937875
25669282
80163754
50243722
27191436
17655904
42429678
78193831
3428069
86240887
63676256
11790356
4998619
84740193
49823708
83991690
69243953
75987257
63630268
7150545
35011819
20735371
36935434
17597059
3405259
91449144
31615285
74440055
9342162
21501505
87288189
9748752
73213494
67692580
78637313
97803170
73199638
65743242
16970158
97077563
300101003
4861205
45133463
24224830
51773900
5244497
47695416
91754175
11384280
14702066
95614612
16021142
28120197
29716911
55289183
76722334
37806313
15981690
52112003
42256406
51047350
72892473
26701483
4694209
59750328
74191528
88513608
57953380
42664989
7044562
72767833
12183332
48712195
85087012
45812361
4168871
54977057
39701395
32566831
85055821
21293424
46848859
59957503
82633039
36931229
22198672
62121
13513663
44209392
84224627
95841282
62850093
9028399
19420830
39505816
65959844
95727991
37474917
14289852
300102003
50690129
96501677
54360049
45955628
50619462
91740879
93220472
36468556
43912676
94381039
25472513
48589580
67378104
55569674
28890974
32995007
84491298
45531624
91152256
51394546
33129626
47346782
1801154
20228463
82340057
24175232
54828837
7623640
28106077
83021423
48276469
1248895
51449743
57139487
3171055
96930127
79323590
25050038
9581215
85893201
39980304
13764881
91623717
90812044
9952083
88190453
22205600
77252217
65393205
32600024
44430454
82382815
4031928
74095602
18914778
25652655
24673894
19048328
51788412
34966096
4923662
72630549
54040484
26873574
55878039
82301904
4538826
61044390
21082832
31385077
97439308
18859369
97940434
4081825
36407615
1434352
3040496
15256925
76766706
9596126
99266988
27439792
11593137
53871273
94243005
46609443
47829960
13179332
85325774
94886282
84482694
7841921
49191560
50412166
64753157
37421579
69313735
94136469
27189308
81599449
55100740
18993198
96633955
525110
58699500
45037489
7392745
7392746
69248256
67616300
12021072
501000006
4796100
79229522
87116928
64599569
84058253
16956455
87294988
56532632
61488417
27352108
7198399
40884383
81380218
38412161
22916281
98076754
21888494
99902789
95905259
25397880
12289247
24506253
94766498
20154092
4357063
52158283
15941690
93730230
51435705
50797682
88552992
72837335
97112505
25163248
87430304
38007744
67559101
24861088
26345570
93543806
90951921
98204536
5291803
2089016
2609443
65591858
17363041
42682609
16241441
42239546
43751755
29246354
46910446
18271561
95888876
72287557
50916353
8508055
29884951
29092121
99397762
79094383
55496220
58383100
79853073
98905
21999001
81974607
57143342
59388357
46290741
1482001
57496978
98234196
41218256
22479888
58518520
46613515
97811903
90036274
82044280
33900648
45778242
8323633
87468732
51476410
77087109
4478086
75041269
21830679
86871615
86871614
78082039
9348522
17810268
79703905
43318266
57610714
83604828
20003527
83982270
56597272
80825553
13474291
16197610
88210105
90135989
56597273
92667214
94703021
67136033
42541548
30741334
3534077
86801871
75109441
42338879
94395649
33413638
40240595
77840540
300104004
80368942
43644025
56641453
65496056
99342953
37119142
30114823
75130221
53413628
45462149
48736598
84121193
8662794
65830223
24661486
40383551
60682203
7565547
23693634
38898779
52518793
37480144
8964854
8806072
44800181
33453260
77631175
10375182
78184733
22666164
53388413
12197543
43417563
40465719
14772491
27450401
48216773
94192409
83602069
20501450
35306215
68018709
44656450
57093995
8454126
17375316
15721123
67630339
20590515
31000575
2980764
63413494
43513897
15871676
41269771
16906241
42391240
86825483
82913020
47579719
70908596
17129783
63545861
26329679
73964868
78364470
2091298
38495396
70624184
78486968
44635489
78358521
35631584
90156158
4820694
35544402
40143123
14759024
34475451
16616620
87170768
41933425
69270537
83544697
10925955
68057622
46259438
32245230
56673480
33244944
69035382
96420087
19828680
23204029
291414
20007374
82639107
62966332
70219023
21843307
66457407
26376390
42566602
18517177
59385322
13997673
36560997
8057630
30770156
26257572
34290067
13235258
67949763
2561846
21123811
27450400
8267140
84012625
68319538
51192573
1487805
85679527
38999506
91654806
23265313
5519829
38834303
42309337
94561645
11136371
30488793
28340377
24449083
74458486
91782219
36975314
32835363
60349525
28637168
18828179
69042950
87526784
23915499
50319138
93889755
67494157
38289717
53713014
96915510
5780210
15305240
31036355
78811937
52571838
49144107
49600724
80321197
24566654
38250531
14618326
30270176
72664875
34761841
28358902
46696593
18654201
24082387
46961802
20862918
37083210
9097866
53241226
73146473
56889
50277355
74976215
65681983
72218246
77998771
64806765
50756327
9505425
95511642
73853830
91646304
54525057
45002991
55838342
28031913
72228247
81524756
96434581
55241609
9617996
69039982
39528955
87497553
55312487
57728570
88667504
39712330
23950192
72881007
95326659
69937550
32933942
21698716
68215963
32710364
7093411
95600067
35486099
9334391
59765225
87259933
93169863
14469229
87475570
47121070
8275702
96331676
10004783
79531196
82099401
47408488
50954680
3576031
76359406
20050865
52176579
50588353
99274184
2743001
56049970
93665266
39964797
13455674
66938505
55326322
83443619
3422200
29838323
55326323
10789972
17530001
2434862
38606913
1218214
9659580
8837932
71442223
35058588
27178262
37812118
69526976
35960413
21915012
1566817
11851647
85802526
98095162
14509651
41398771
66742250
84970821
28279543
61525276
72064891
7241272
12470447
2926176
12863633
94377247
81788994
98867329
42199039
46967601
31434645
18489208
58851034
22026707
67926903
76419637
88754763
13030280
23454876
41309158
41147577
49202331
77235086
39618799
3629090
91668401
99427357
78316184
59907935
68774379
10248389
6400512
39439590
70095154
23893227
59281922
56364287
10443957
1142880
58069384
46724542
29975188
5373478
28053106
33093439
60600126
1546123
38265153
91663373
82315403
30655537
76763417
80316585
34124316
76986005
35050257
4162088
12670770
64268668
37057012
30042158
76103404
29719112
3370104
2158562
39978267
86686671
33041277
89112729
90440725
32393580
63224564
63261835
44865098
75559356
63477921
49375719
42600274
74157028
3657444
69015963
48766543
45078193
5370235
82562802
40418351
77625948
37542782
41230939
80033124
44352516
1157683
3019642
64753988
18967507
55704856
96428622
58199906
92773018
100341053
59023523
82428674
18597560
47295267
37007105
89238128
91269402
42717221
14505685
60279710
645087
25200959
24731391
63533837
56337500
86784733
46104361
52698008
11674673
36033786
51020079
34614910
32828635
5494820
22147147
29612557
45945685
43839002
4433488
60018643
7403341
77449773
65801012
57160136
34010534
73558460
36368606
19943114
34767865
42461852
61583217
43405287
8698851
6186304
74329404
9201964
62868900
89899996
48032131
99075257
99357565
79279397
26841274
81057959
2833249
9910360
70074904
60912752
48148828
24508238
33423043
44792253
8628798
80208158
52702748
15574615
75991479
3773196
89015998
16638212
48092532
51701885
86498013
5606466
95291684
37043180
7572887
76552147
82112775
9622164
36614113
19808608
39153655
32349062
55415564
33334269
19580308
12822541
72291412
48210156
72181263
32146097
17979378
81571633
8643186
71069715
46796664
74605254
11609969
19302550
46035545
41546
45206713
59123937
9024198
83303851
811734
44852429
21686473
47198668
56619314
8463720
15939229
25857977
16006416
74583607
6766208
987311
72648577
71612253
74069667
82956492
92536468
51497409
72402069
18897163
84569886
76029419
44186624
79559912
3758046
27873305
71249758
50696588
41090784
10755984
581014
34109611
84766279
76937326
2766877
29552709
42542842
44584775
28378427
95448692
60741115
87106146
50613779
46031686
35268887
98535702
59546528
52738610
33298291
59983499
90925163
15341821
43316238
16209941
23213239
26302107
57433966
83928661
52350806
70711847
83518674
25140659
90807199
15083304
43694650
99745551
58468105
76895648
48588176
66192538
18386170
83531441
97001138
34479658
28593329
95685352
65192027
78144171
72520073
41949033
80071763
67049542
81034083
11321183
57784563
86805855
77538567
44341034
49702428
75190122
12071500
8634636
33875961
73452089
32344688
53527835
1804528
37209439
60168186
9030160
46372010
73360025
9765723
45974017
70231910
91596726
3701074
65824822
70187958
78053598
31919988
62312469
18803791
65287621
89111398
81755371
21417692
88643579
4614116
29436665
674561
88685329
90928333
9064354
13722870
67904682
94820406
41114306
70676581
9159938
14536035
75326861
53129443
26914168
16964437
66214679
19357125
5562461
74567889
90980792
53375573
85313220
12817939
58206034
2314238
99789342
111280
41735184
70168345
82404868
47222536
46986414
38033121
43892408
50725996
40737112
41721210
41722932
97642679
74713516
1102515
20522190
31829185
38107923
98502113
13193642
89558090
99261403
16195942
45462639
9287078
1621413
97021916
85562745
90724272
53982768
54693926
76045757
92377303
16625614
69402394
61587183
6967870
48768179
74153887
40933924
20858318
40196604
11366199
41930553
47233801
8198621
12930501
81759748
38167722
51993760
87988305
93599951
14386013
32646477
87917187
97383507
76614003
89494469
83269557
50164989
65282484
35565537
10131855
74117290
61623148
93554166
59784896
38247752
45895206
35798491
39343610
50383626
30127518
17881964
5388481
78861134
25460258
29876529
76202610
51728779
85771019
14517422
58787301
55690251
47664723
87990236
52840267
57579381
25451652
25339070
18168997
67316075
50501121
11260714
88234365
92807548
54527349
40921744
80168720
93709215
79266769
60417395
76925842
70054514
34659866
57662975
64414267
83584898
43500484
35394356
34257001
84816245
23331401
84816244
6351548
27383110
57549932
91336701
29116732
95286165
19159413
32441317
69122763
89462956
14943837
65703851
10209545
35027493
1149109
33062423
1861629
30822527
61245672
2732323
25034083
69542930
28654932
17559367
72060415
8495780
78868119
71978434
50793215
33467872
45483489
8649148
22804410
1586457
13314457
28593363
24128274
76353872
92327802
51782995
82498947
31897444
2525268
71417170
24268052
59687381
28877100
58582979
37421075
36995273
50426119
87621407
85718645
44763025
39719977
59839761
57568840
12262393
12079734
48934760
86124104
72426662
59913418
72575145
65536818
13974207
8279188
37798171
39131963
44883830
12965761
81985784
84451804
78613627
69579761
2326738
33695750
81059524
9637706
42079445
63410069
38981606
93747864
81977953
13409151
36693940
94693857
59368956
75944053
22227683
10117149
55106249
97588916
24573625
25494711
12215894
89544521
42908201
71200730
76728962
34149830
99543666
90179822
18666161
72272462
36577931
72192100
22634473
94212438
45809008
300201002
76263644
55461064
77608643
63362460
30757127
26964762
81866673
64184058
54749427
16605586
39829561
60461804
13093792
56570271
17132130
69394324
41613948
28355718
48150362
36625827
40591390
66262416
91691605
93431862
93657021
37780349
90579153
80744121
9411399
83965310
15294090
35464895
73481154
80186010
18739764
59235795
44373896
98956134
62980542
5616412
21219755
15155568
32104431
41940225
77859858
11232355
5560911
89086566
24487411
41348446
20985997
85771021
62587693
88176533
90311614
70583986
32302078
19327348
96967123
88757791
29424328
51644030
81994591
95169481
98643358
96857854
19980975
84257640
17257342
69893315
8868767
3549275
83241722
88482761
59905358
31863912
93078761
62893810
3493058
96015976
11961740
62437430
50939127
39900763
56460688
31849106
87880531
29948642
81782376
300302004
68950538
32465539
58600555
83048208
19301729
85004150
12615446
94344242
32295838
29515122
23732205
95194279
1896112
1596508
23557835
89190953
44046281
54175023
73414375
80560728
54297661
91800273
73632127
17787975
67095270
62107612
36733451
83326048
81674782
98666339
70342110
22959079
90965652
93854893
300104003
27143874
41128647
58984738
32134638
368382
37752990
77116346
74582050
38988538
64973287
63251695
41554273
5067884
1580833
60675348
300203001
22638495
93507434
29996433
22900219
75366958
48372950
58672736
61269611
77967790
54446813
11755663
35770983
82385847
61764082
56980148
69121954
80831552
78084378
40971261
24623598
26834022
20727787
19612721
98999181
15595052
75425320
46480475
76137614
76446915
41113025
64966519
42149850
40826495
77561728
90448279
10032958
20277376
67964209
1639384
60681103
62113340
89907228
7373632
61757117
57902462
81066751
89914395
82103466
31423101
15854426
49010598
92919429
62681049
77153811
33145233
30492798
34358408
4141820
8903700
97843505
98371278
27340877
74701381
56769674
6260554
79997591
22171591
32671443
47013502
19700943
57996334
85310252
75421661
83274244
39432962
73866096
59724555
29491335
1003028
33296432
13694209
60303688
29354228
69680031
56588755
95679145
65589010
22073844
82956214
96891787
87481592
31002402
93332803
95816395
57062206
42143067
25882881
99721536
30325729
71595845
67331360
18106132
72717433
16972957
84171830
32663969
93238626
3493978
76922029
94073244
14146794
10389794
76039636
94944637
22804644
83116692
78700060
58616392
6021033
1764972
39185163
64379430
46173680
58369990
53855410
66395299
53855409
67464807
84916669
23965037
756652
24194033
78751195
80776622
55226153
82050203
18789533
34187685
63992027
44436472
75652080
44883600
13166648
28355719
38179121
300103005
81881839
64319467
146746
73239437
49684352
72621670
94770493
5914184
60832978
17643265
3682106
24096228
43422537
67223587
63730624
51976476
41927278
21007444
23971061
76382116
96540
72167543
72490637
88413677
27995943
5041348
14733538
23935886
16960351
90887783
62706865
42596828
65737274
16435215
45593826
21435914
65472618
76218313
300202003
50045299
38955728
76066541
21970285
64262809
14017402
87835759
29228350
63018132
62873545
99659159
55763552
80513550
62265044
71867500
28563545
63300440
41620959
45467446
9197735
1435851
66672569
16278116
95697223
55991637
71490127
54178050
20638610
45667991
5325424
8198620
70681994
83980492
32437102
13035077
78009994
38109772
72549351
75083197
40110009
77515704
76782778
78231355
15848542
49575521
15754711
24799107
57416183
42055234
14625090
28053763
28053764
92870717
51531505
15146890
9069157
73779005
34898052
36870345
88361177
53184342
63487632
876330
54455664
99594764
29253591
13361027
60004971
52962804
28183605
25845518
69975751
80549379
88234821
48891960
25682811
900787
34116027
36556781
12496261
11969228
80159717
21249921
89172051
28927782
54578613
81661951
51849216
25988873
59755122
52977572
18060565
26577155
92868896
81962318
89450409
43250041
80193355
99456344
4440873
26557451
41367003
856784
51925772
66973070
13215230
37444964
25964547
98570539
74665651
1050355
61459246
62171834
81038234
26920296
8687195
94982447
78161361
28265983
24137081
88733579
39317553
56286179
3429238
99050989
71218746
93353691
473469
94145021
97973387
16353197
55773067
47475363
97148796
57970721
33543890
22420202
21576077
58793369
60037599
69815951
95209656
84965420
1174075
94187078
96026108
7445307
33026283
284224
44644529
75157704
49158617
7631534
11759079
60237530
85360035
87669904
49752795
72305034
93612434
43803845
54813225
14506878
60025883
37469904
37880706
19162134
12766474
13532663
12493482
51228280
43017476
46239604
31476755
35195612
8414337
60082869
38049934
25700114
20137754
13455953
67310848
46508640
46984349
24721709
25123713
7409792
52085072
6330307
213326
17427333
53693416
7500772
22812068
59820352
53461122
62111090
44710391
45836982
10875327
46263076
79798060
69931927
33537328
64187086
15187079
41181774
67987302
67105242
29934351
96907086
82828051
61864793
60866277
54407825
63845230
42578427
88341502
85551711
96471335
46128076
16825874
55273560
15582767
51858306
4192696
60514625
97342942
300101001
96352326
95457011
84361420
61173621
73240432
34566435
30068120
34688023
29280589
97567736
85636437
97268402
73178098
96914272
42166000
44178886
96570609
59463312
40844553
54059040
69954399
92379223
19261966
50907446
20366274
6417578
48424886
74822425
74009824
94977269
92223430
6367785
80532587
17412721
61737116
95440946
74889525
68829754
20612097
94224458
55875323
11324436
24725825
37820550
7914843
91107093
34710660
90219263
79514956
23118924
30314994
65260293
92755808
66712593
97623219
94253609
61411502
32965616
40854197
11502550
55171412
21844576
59793705
63060238
64655485
79979666
58932615
80908502
17032740
84327329
95486586
90050480
28677304
41517968
31111109
29343734
33574806
35809262
81566151
69572169
16304628
85507811
48996569
36841733
3642509
98266377
14124483
41077745
68745629
62107981
95362816
59392529
78512663
5128859
14225239
52031567
40080312
81003500
89252153
5285665
89943723
69884162
90307498
72926163
1945387
37195861
41436536
60493189
51085303
89312388
47737087
50720316
25366484
88820235
45195443
20721928
81197327
49352945
40044918
22908820
83121692
74711057
22061412
61204971
9327502
55615891
10526791
86188410
75434695
99414168
36586443
11167052
83032858
18214905
71797713
19036557
72819261
45702014
46425662
85166216
12160911
88845345
39897277
73872164
60292055
6390406
9845733
80621422
28649820
64154377
24019261
53046408
67723438
70628672
