111006013,
111006001,
98818516,
98252586,
96851799,
95952802,
94675535,
93553943,
92731455,
90963488,
89091579,
87430998,
85705804,
85639257,
85326399,
85309439,
84686841,
83464209,
82542267,
80770678,
77827521,
77027445,
77007920,
76211194,
76103675,
75376965,
75356564,
74677426,
74677425,
74677424,
74677423,
74677422,
73134082,
73134081,
73051941,
72842870,
72302403,
71407486,
70903634,
70681994,
66889139,
63102017,
61854111,
58528964,
57305373,
56342351,
56283725,
55444629,
55291359,
55144522,
54541900,
53375573,
53293545,
53153481,
51267887,
50913601,
46986420,
46986419,
46986418,
46986417,
46986416,
46986415,
46986414,
46130346,
46009906,
45231178,
45231177,
45042329,
44519536,
44287299,
43500484,
40826495,
39774685,
39111158,
39004808,
38199696,
38142739,
37820550,
37421579,
37313348,
36996508,
36607978,
36121917,
34460851,
33396948,
33178416,
33066139,
33064647,
32452818,
32274490,
29172562,
27847700,
25769732,
24094653,
23424603,
22910685,
22702055,
20060230,
18710707,
17881964,
17535588,
16353197,
15401633,
15052462,
12580477,
11868825,
9293977,
9159938,
9076207,
8124921,
7902349,
2863439,
1641882,
1557499,
1435851,
32864