8949584,
37675907,
30603688,
12289247,
21123811,
47222536,
38033121,
57996334,
59724555,
53855409,
14124483,
59392529,
22908820,
11881272,
12508268,
91499077,
86331741,
85787173,
39695323,
20285786,
73941492,
73616671,
9742784,
11069680,
7922915,
35191415,
7084129,
86509711,
97631303,
58270977,
45906428,
17955766,
65305468,
85497611,
6595475,
85119159,
84274024,
58092907,
47075569,
11481610,
20932152,
57458399,
84664085,
50947142,
59514116,
63035430,
47870325,
23020408,
82768499,
13331639,
23442438,
50237654,
20409757,
96363153,
57116033,
23720856,