23587624,
303660,
78665705,
4059313,
12986778,
87910978,
4081825,
91654806,
38265153,
42166000,
37042505,
15771991,
43730887,
70124586,
77585513,
51916032,
35803249,
9418534,
39987731,
59546797,
64659851,
86541496,
21593977,
3715284,
2137678,
75733063,
39648965,
39109382,
38522377,
4837861,
63468625,
2992036,
66594927,
4545683,
31930787,
68140974,
30221870,
67328336,
77710579,
26905245,
41044418,
37520316,
83764719,
269012,
65471349,
91870448,
72563071,
74875003,
79387392,
85775486,
77432167,
59371387,
39913299,
10000011,
14342283,
52971673,
89907227,