295517,
91869203,
10928224,
57312333,
83407038,
84539520,
94004268,
712559,
73333463,
79402185,
6890729,
45898858,
46290741,
45078193,
82562802,
77625948,
41230939,
44352516,
3019642,
18967507,
43017476,
70628672,
984114,
85651167,
22587018,
52684508,
98225108,
44139064,
71340250,
74848038,
58071123,
82685480,
58257569,
74677422,
57135971,
6172122,
53485634,
21140872,
34016756,
19089195,
43359262,
33245030,
17745969,
42671151,
3643300,
19801646,
44968687,
23299957,
85066822,
6022371,
78574395,
51534754,