72932673,
70875955,
77797992,
10406322,
42216237,
92039899,
28423537,
84341431,
66540884,
63883999,
88033975,
28493337,
92729410,
28118128,
76589815,
4549095,
5361647,
79867938,
23232295,
61679541,
24184846,
32750341,
68144350,
36916401,
61901281,
66762372,
92572371,
58504745,
93751476,
49785720,
89856523,
39699564,
66084673,
30929786,
93294869,
23979249,
53678698,
63049052,
35183853,
30338466,
32339440,
73906480,
66727115,
42551040,
88940154,
68601507,
89662736,
23857661,
59251766,
16157341,
94096616,
10860121,
50474354,
69723159,
11958188,
86868952,
5818294,
80555062,
32202803,
1855932,
75840616,
73289035,
33611061,
32995007,
27189308,
38007744,
65591858,
67136033,
3534077,
42338879,
26329679,
78358521,
38250531,
1639384,
6260554,
57996334,
72167543,
46772449,
4756629,
97396380,
19059929,
33665663,
36499284,
54149433,
66413481,
62023839,
70946699,
80978111,
917796,
57782164,
15561463,
6148016,
42155488,
75367227,
46895036,
85463083,
61318483,
80885284,
54512827,
99795159,
98707192,
97584500,
7617062,
24101897,
86516889,
51196805,
81907872,
16279989,
50527144,
27491571,
84472026,
54490275,
37055344,
76436988,
77799846,
37168514,
64379261,
90764875,
37984162,
84401683,
15545291,
22134079,
46955770,
85646474,
25524823,
58139128,
90238142,
85909450,
70000776,
19337371,
90434657,
19113101,
80208323,
11398059,
24384095,
28754338,
26570480,
91350799,
79759367,
84877802,
61791132,
98780137,
35307484,
78540593,
53573406,
16943770,
4417407,
67489919,
94973028,
53451824,
22110647,
66200210,
20368763,
41329458,
31533704,
15335853,
30811116,
67922702,
76902476,
31480215,
64245689,
71098407,
75180828,
28577986,
68937720,
59305593,
23689697,
70222318,
50457953,
92841002,
48739166,
59627393,
88177324,
39972129,
76067258,
12744567,
85121942,
72537897,
2618045,
44509898,
98672567,
17601919,
2830693,
45950291,
47660516,
48333324,
61466310,
25788011,
14812659,
45725480,
83054225,
24062258,
97064649,
14212201,
92099232,
1372887,
50449881,
72497366,
63227401,
93211810,
46448938,
43841694,
41517789,
40390147,
15458892,
18114794,
45496268,
8091563,
71880877,
58272005,
11682713,
91650245,
62434031,
99429730,
25824484,
99641328,
36046926,
47077318,
63257623,
80190753,
54706054,
8522996,
26822796,
7092142,
71068247,
5288597,
55428242,
91812341,
28201945,
29616929,
7152333,
33551032,
70546737,
58947797,
40607210,
80485722,
62188962,
88728507,
22900598,
904185,
65961085,
99234526,
53027855,
29146185,
44487250,
78610936,