44256816,
23587624,
47594939,
40061558,
40502912,
11475049,
85080444,
12697630,
84268896,
8873112,
69840739,
48086335,
29223325,
47863787,
34267821,
85103922,
12444060,
20292186,
56611470,
82140600,
78621186,
39389320,
42233477,
83755611,
66500065,
2095764,
50920465,
9418365,
11221418,
56574543,
68618157,
55599882,
21501505,
87288189,
16021142,
43912676,
3171055,
61488417,
9348522,
78184733,
81788994,
67926903,
52738610,
83531441,
13974207,
94693857,
59368956,
75944053,
33145233,
58369990,
13166648,
41367003,
15582767,
20366274,
6417578,
48424886,
74822425,
74009824,
94977269,
79514956,
18235309,
57047293,
55416843,
73176465,
10817524,
17390179,
3841833,
2729285,
39246582,
66457138,
65331686,
38124994,
54773234,
43785278,
85545073,
11039171,
66127916,
20349913,
9024367,
98263709,
24658418,
99645428,
7573135,
29357956,
51043053,
79606837,
48546368,
70422863,
18027138,
80566312,
62161698,
26034577,
88301393,
52038272,
14799437,
89423971,
25811989,
51316684,
25935625,
51916032,
43034264,
95254840,
37198732,
40672993,
52339733,
34680482,
43455065,
89189982,
36898537,
5972394,
3395226,
97211663,
74122412,
60226558,
88724332,
57690191,
93085839,
55742055,
21521304,
10389142,
56051086,
1426714,
93108839,
31801517,
51543904,
67173574,
68396121,
32446630,
79306385,
95239444,
72959823,
69982329,
22765132,
17857780,
33823832,
96606246,
41440148,
78835747,
69211541,
5672432,
42562690,
22091345,
65195959,
15452043,
43241495,
91584698,
4239451,
79967395,
67556500,
96598015,
35089369,
31077447,
4450854,
64496451,
65518099,
13073850,
30845999,
8559793,
21648584,
73887236,
53251824,
69327790,
57734012,
20426907,
1516510,
56350972,
29143726,
17639150,
2273734,
26057276,
86466163,
75878039,
99668578,
63274863,
18205590,
1050186,
38667773,
42029847,
3717252,
4904633,
77723643,
37445295,
44394295,
4939890,
52551211,
30328508,
5908650,
77505534,
36776089,
92512625,
76990617,
36376145,
81810441,
9272381,
56638325,
42589641,
41510920,
5026221,
5795980,
30106950,
3117804,
41628550,
27978707,
41307269,
78391364,
3064425,
27756115,
77679716,
4786063,
90361010,
31181711,
77013169,
64373401,
64605089,
82016179,
10753491,
73136204,
20579538,
10530913,
47741109,
49838105,
59650656,
99946920,
33609262,
48716527,
79844764,
77462146,
69230391,
2055403,
1826676,
70245411,
45803070,
49959355,
82962242,
601193,
34822850,
94432298,
8437145,
58169731,
78574395,
67249508,
30398342,
17183908,
43577607,
77783947,
43202238,
87602890,