97232518,
10678778,
25795273,
29904964,
5050644,
21452275,
22174866,
70456282,
16051717,
68833958,
76004142,
67443336,
6628343,
84845628,
54484652,
77152542,
84988419,
7394770,
3105404,
79777187,
3428069,
86240887,
7841921,
82044280,
46259438,
10443957,
58199906,
19808608,
72291412,
32146097,
74605254,
11609969,
45206713,
811734,
15939229,
72648577,
71612253,
82956492,
92536468,
27873305,
37209439,
46372010,
73360025,
9765723,
62312469,
36693940,
22227683,
10117149,
55106249,
97588916,
24573625,
89544521,
15155568,
41940225,
96015976,
41128647,
368382,
37752990,
77116346,
38988538,
64973287,
63251695,
41554273,
1580833,
93332803,
58616392,
27995943,
76218313,
16278116,
61173621,
34566435,
34688023,
50078320,
32013448,
95676943,
94937430,
31044787,
60743819,
33622465,
9298235,
6142488,
98280324,
42776855,
3211439,
83866861,
43698897,
6077601,
74416026,
80889750,
17194258,
36956512,
5133471,
39030163,
55063751,
1637760,
981540,
31531170,
92266279,
67273917,
96802306,
50407691,
24019092,
76751255,
24131534,
97024987,
93662626,
79555535,
98954106,
63941210,
81057455,
78348934,
66752837,
29726552,
56111151,
24348804,
10239627,
95833645,
5506791,
68395509,
94784213,
31991800,
13611090,
13972452,
2572890,
36183881,
31178212,
89883517,
19508728,
18108166,
21565445,
86532744,
48144509,
45627618,
53262004,
43268675,
1033312,
20513882,
77826734,
74926274,
4807253,
31292357,
71578874,
4081665,
17016362,
67696066,
46066477,
89113320,
37745740,
44481227,
70479321,
340002,
53724621,
88358139,
73130445,
36415522,
16617334,
71705144,
44364077,
15978426,
26270847,
52963531,
128454,
70458081,
42002073,
74852097,
70899775,
91501248,
98154550,
75539614,
85101097,
28674152,
5929801,
96345188,
30500113,
60950180,
31314549,
45184165,
8785161,
43383478,
66994718,
87609391,
78161960,
46502744,
45103815,
38601126,
80666118,
41767843,
18252559,
35818851,
57288064,
83283063,
62038047,
36630403,
99423156,
4333086,
40005099,
14816688,
30922149,
40605147,
14763299,
62895219,
33245030,
23626223,
48422921,
73694478,
14094090,
799183,
79234734,
36523152,
7864030,
87535691,
78274190,
42880485,
62017867,
89091772,
15495787,
35800511,
40028305,
14624296,
14756848,
41141943,
79757784,
55863245,
48800175,
80335817,
28112535,
61190918,
83629030,
6511113,
93983867,
76930964,
40945356,
14541657,
43898403,
38891741,
2602411,
71692913,
17086528,
97466438,