37803970,
87182127,
42878636,
47482043,
87979586,
64977888,
17994645,
53389254,
46253216,
50371210,
32360466,
56562619,
19462747,
9929398,
73534250,
94689206,
2129638,
10971759,
86643777,
91754175,
7044562,
99397762,
79094383,
58383100,
98905,
21999001,
8267140,
3576031,
52176579,
99274184,
56049970,
66938505,
55326322,
83443619,
29838323,
17530001,
42600274,
46035545,
41546,
60168186,
111280,
47222536,
25494711,
12215894,
32104431,
62893810,
68950538,
32465539,
58600555,
12615446,
94344242,
83326048,
27143874,
32134638,
74582050,
5067884,
42143067,
63992027,
65472618,
38955728,
45467446,
47475363,
67310848,
63845230,
54250060,
38695361,
52022648,
42921475,
55623480,
48310593,
69599136,
35726888,
10833828,
87765315,
74839123,
4931121,
39564736,
34449261,
6205579,
22829942,
59432181,
29087919,
92693205,
99000107,
62015408,
9032529,
13647631,
90365482,
86943389,
38848158,
73616671,
60433216,
7127502,
66194206,
74003290,
71650854,
43930492,
7922915,
35191415,
71696014,
7084129,
54537489,
67820935,
34079868,
45644898,
24382602,
93715853,
81612598,
69711728,
33327029,
54401832,
73594093,
33256280,
4688231,
28016193,
7868571,
60473572,
69351984,
46500985,
26638543,
38572779,
79324191,
86238081,
61307542,
98414735,
38761908,
2376209,
61420130,
1154611,
64765016,
35035481,
37649320,
24903843,
15936370,
68477598,
72708264,
34379489,
69228245,
45591967,
12255007,
91449532,
9106362,
81055000,
71985676,
7268133,
71863024,
33833230,
23377694,
13048472,
96622984,
22011689,
69105797,
36734924,
72855441,
51053997,
43266605,
78942513,
90519313,
10194329,
73977033,
46589034,
47882565,
58988903,
18716735,
85704698,
72318602,
8706701,
45313993,
76136345,
19254117,
8321183,
13317419,
63737050,
67284107,
96334243,
52900000,
25415052,
66815913,
39817919,
92200612,
9553721,
276357,
73055622,
94801854,
78765160,
59843383,
59640711,
70939418,
17328157,
85034450,
26517393,
65193366,
37626500,
26268488,
41209827,
29724053,
84769941,
11050415,
72332074,
45948430,
76471944,
95500396,
50065971,
30426226,
75304793,
12525049,
5399521,
49919798,
90122655,
48605591,
11163040,
3298689,
71039903,
48770333,
90809975,
21296502,
56346071,
96746083,
82321037,
30539496,
82744076,
31472884,
90243945,
73860462,
44928016,
28139785,
29951323,
675319,
46060017,
74393852,
85115440,
4367330,
73881652,
48905153,
4145852,
78872731,
77150143,
11510448,
31755044,