39024589,
98864751,
80143954,
1508649,
52927340,
35146019,
53143898,
25533642,
93503294,
27541563,
89538537,
32181268,
4591250,
68507541,
31102447,
95735217,
53266486,
56827051,
29508346,
80237445,
69304426,
80250185,
59919307,
63528891,
28486799,
55705473,
58400390,
36694815,
62753201,
31833038,
9852718,
56526564,
88086137,
47185546,
55870497,
97803170,
29716911,
22916281,
37480144,
87170768,
60349525,
95511642,
91269402,
36368606,
89015998,
50696588,
10131855,
92327802,
59687381,
72426662,
42908201,
30757127,
5560911,
83048208,
75425320,
60832978,
13035077,
28053763,
43803845,
32965616,
97926515,
8198712,
15693423,
39271553,
39838559,
1061200,
66322203,
93449450,
75676192,
2144946,
38532954,
67045745,
38459905,
75059201,
49655592,
40542825,
79176962,
269510,
5043010,
49847524,
209710,
51091138,
54507222,
84046493,
15419596,
75719089,
91718579,
54088068,
62376646,
60461077,
24073068,
78437364,
30010480,
97688360,
16632144,
69319869,
97466712,
23924608,
24094258,
64697431,
77610772,
31226177,
54320860,
15397015,
23850421,
84673417,
43436049,
6442944,
77511331,
35911108,
21893603,
70298454,
73275815,
65100616,
27664101,
63092423,
37310367,
56166150,
94919024,
35618217,
10071151,
13758665,
87769556,
26655293,
53620899,
95004025,
94160895,
44026393,
20537097,
66022706,
92204263,
93020401,
28692962,
56809158,
38502358,
29415459,
71133680,
32472237,
47558785,
18837926,
4848423,
53842431,
68353324,
30194529,
14470845,
93104632,
73820802,
55573346,
44009443,
65993085,
41782653,
879958,
17988746,
29185231,
38203732,
18210764,
53936268,
1118137,
58464739,
31443476,
18000338,
96404912,
76232522,
54658815,
56343672,
46427957,
83550869,
62306203,
68989981,
74997493,
75078585,
2220237,
91665064,
6783559,
73468603,
5087128,
92080692,
35259350,
27877771,
7805147,
62899696,
26420373,
35494087,
23314220,
54458867,
9523599,
74715061,
13331639,
33909817,
92481084,
70410002,
70493141,
36247316,
62645025,
95081386,
5821478,
63875853,
45221020,
94626871,
61283655,
32448765,
35371948,
98700941,
35199656,
91505214,
61529473,
49430782,
83747250,
57348141,
66015185,
76647978,
77058170,
13482075,
30650147,
23068051,
88392300,
27103517,
84899094,
83477829,
57288708,
55787576,
93236220,
61654098,
2930675,
21254443,
89320376,
35546670,
62530723,
97648103,
98935722,
40516623,
81616639,
14575467,