2411269,
86885905,
76685519,
42790071,
57769391,
27024795,
84976088,
97947705,
80584548,
80141055,
21984400,
93850652,
6556178,
85289965,
45025640,
66740005,
24224830,
67378104,
47346782,
4478086,
21830679,
94703021,
20501450,
63413494,
41933425,
85679527,
20862918,
91646304,
54525057,
45002991,
55838342,
28031913,
72228247,
81524756,
96434581,
55241609,
9617996,
69039982,
39528955,
55312487,
87259933,
14469229,
87475570,
11851647,
56364287,
46724542,
29975188,
33041277,
82428674,
37007105,
42717221,
24731391,
11674673,
65801012,
34767865,
16006416,
84569886,
43316238,
16209941,
26302107,
52350806,
70711847,
25140659,
90807199,
43694650,
99745551,
89462956,
32302078,
17257342,
93507434,
29996433,
77967790,
82385847,
56980148,
78084378,
94073244,
29253591,
28927782,
92868896,
37880706,
25123713,
73240432,
82162616,
6764709,
33158448,
5641251,
32036866,
69553552,
64400161,
64514892,
66023650,
55168550,
28770951,
63956833,
3356494,
58012707,
62000467,
17535764,
12097275,
26285557,
10552026,
20191720,
85008676,
93581434,
67586735,
47946130,
21663205,
58657303,
79206925,
90512490,
47439573,
67466547,
94016752,
51412776,
7778726,
18474999,
53303460,
82085295,
80701178,
2414168,
17722185,
97273514,
46247282,
75452921,
10158145,
65330383,
3679218,
2857636,
38342335,
86607583,
48068378,
23331400,
55034079,
96150936,
83828288,
11074235,
91405870,
73341839,
29649320,
50213848,
24027078,
81263643,
94599451,
81223446,
56773577,
84640866,
41359411,
42472002,
88923963,
5361816,
9113513,
86401517,
93394164,
81481818,
64207696,
55997110,
3752422,
69946549,
72129804,
50548657,
84453939,
38916526,
40854824,
79698395,
31467949,
19636995,
23002292,
34989413,
98552723,
74163487,
7986397,
34093683,
38784726,
78876707,
93738004,
16313112,
20618081,
94620082,
20788863,
41463182,
56003780,
67225377,
1295111,
20345391,
24940422,
93655221,
67218327,
8491308,
63288573,
26077387,
90673288,
50005218,
99550630,
25955749,
25733157,
52340444,
51227866,
98338152,
24010609,
97616504,
63166095,
93377803,
38406364,
4914353,
97729135,
43994202,
8608979,
48468330,
17688543,
17509503,
43464884,
15291624,
18444733,
95238394,
41685633,
56713174,
55591586,
83107873,
20318029,
29596581,
82045034,
43534808,
44716890,
72529749,
37890974,
7969770,
80101899,
41302052,
77307161,
99890852,
3792766,
63492244,
22219822,
86825114,
89928517,
53077251,
87800375,
31189536,
68688135,
34250214,
6039967,
33438666,
6917479,
70645913,
79523365,
37129797,
69700783,
5795882,
70491682,
60375194,
33971095,
739444,
10813327,
70975131,
71384012,
49930315,
64178424,
1527418,
90173539,
27918365,
46647144,
93920420,
12989604,
58374719,
99674361,
31706048,
62279666,
27705190,
25163979,
60162470,