80801743,
27412542,
92998610,
4280258,
43341600,
69170403,
84257883,
13117073,
81344637,
46924949,
5402805,
6247535,
27548199,
20735371,
76722334,
45955628,
9581215,
34966096,
58699500,
36975314,
87497553,
88667504,
63533837,
57160136,
33298291,
57433966,
83928661,
83518674,
9064354,
31897444,
63410069,
22634473,
69394324,
48150362,
22900219,
75366958,
48372950,
58672736,
54446813,
11755663,
35770983,
61764082,
69121954,
80831552,
40971261,
5041348,
23935886,
11969228,
26557451,
46984349,
33022867,
53417695,
17616743,
43011492,
6494106,
70122149,
42899204,
28957126,
44133040,
79400597,
79383919,
37414347,
78661338,
17956906,
68934651,
21065189,
21834870,
39730727,
92345028,
52947044,
25800447,
88774734,
32530043,
22373487,
71197066,
13224603,
52502677,
16990348,
33652635,
16003979,
66290900,
88996322,
20201255,
52394047,
93684009,
58655504,
29357687,
6990577,
47393199,
11908584,
86148577,
43411769,
11012154,
13143275,
79905468,
40003819,
50186558,
48815792,
1980574,
49105782,
99115354,
65741786,
62034800,
76830505,
98439949,
34923554,
97584719,
69073023,
23689428,
35645105,
60195675,
24701066,
61912252,
97316367,
41440817,
9794980,
68295149,
18478530,
77848740,
20343502,
11827244,
91027843,
43735670,
91953000,
27012990,
79130389,
54569495,
67712104,
84430165,
28174796,
5524387,
30691817,
36492575,
62886670,
80627281,
52945066,
94207108,
18551923,
21887175,
84731222,
23545031,
32519092,
12760674,
76375976,
51786039,
816427,
85840608,
14088859,
21858819,
8972398,
96462121,
15627227,
14055212,
72083436,
36111775,
49238328,
3233859,
44680819,
37818794,
66947913,
44640691,
48355999,
28534130,
49094491,
86962245,
59577547,
31313405,
83554231,
87871125,
54529134,
37261776,
13173832,
82466274,
78917791,
90020780,
12421694,
12950294,
36730805,
22866836,
19307353,
28234578,
15381421,
83195035,
96239878,
73539069,
16428514,
73575650,
69145169,
29913783,
98159737,
87052196,
60942444,
97036149,
24557335,
23431858,
66863374,
56001930,
82496097,
18678554,
55285840,
19891131,
56308388,
98169343,
88693151,
15543940,
90814668,
29479265,
93084621,
89019964,
67680512,
26236560,
53624265,
19190082,
83705073,
46701379,
44163252,
81558967,
45584727,
65124425,
54807656,
63731062,
62487836,
63509474,
36458063,
83289866,
10805153,
57916305,
56894757,
58139997,
71074418,
84523092,
83301414,
21522601,
55072170,
95245544,
59851535,
21744288,
19673561,
95793022,
73192600,
87571563,
35183584,
14604710,
30674956,
58004362,
7850740,
10312660,
17739335,