86988864,
67048711,
49771608,
303660,
55001420,
18378582,
79649195,
88236094,
87340664,
99284890,
82705573,
16255442,
30653113,
25551951,
17655904,
66742250,
2314238,
39719977,
39131963,
93747864,
13409151,
19612721,
67464807,
44436472,
43250041,
31476755,
82828051,
85166216,
12160911,
75043725,
6103294,
30531525,
98045062,
26566878,
30190809,
13386503,
53776525,
18590133,
45311864,
39674352,
11448373,
30353551,
4869446,
52768103,
79109599,
99171160,
66526672,
82005435,
87010442,
25773409,
3136426,
44595286,
43714890,
6133894,
24435369,
65957473,
18190572,
27288416,
43040603,
39552864,
80161395,
98162242,
16226786,
70861343,
51616747,
44762290,
78986941,
39019325,
52550973,
89959682,
50823978,
24221739,
70821187,
53890795,
50593156,
2468169,
45985838,
44472639,
84550200,
92924317,
78864369,
63012333,
42598242,
4259068,
48659020,
25343280,
31812496,
5371656,
71983925,
19312169,
64734921,
91123920,
91345518,
38730226,
65403020,
31076103,
90407382,
66926224,
56433456,
4081094,
78697395,
27618634,
51838385,
5703682,
32298781,
83228073,
26495087,
17078030,
66073051,
10035717,
81383947,
51945556,