12533811,
55550921,
40424929,
54582424,
81587028,
63630268,
65393205,
94766498,
20154092,
67559101,
93543806,
30741334,
77631175,
76419637,
88754763,
13030280,
41309158,
41147577,
49202331,
12423762,
19012345,
20032555,
56427559,
55204071,
29216967,
92821268,
39695323,
62476815,
37241623,
92609670,
28194325,
3492538,
94656263,
40817915,
15914410,
2191144,
14152862,
88120966,
80764541,
16259549,
54366836,
53244294,
89642993,
16037007,
42421606,
89516305,
847915,
74852810,
75797046,
28990150,
38973775,
75574498,
1969506,
39399168,
79850798,
3814632,
37364101,
38180759,
27971137,
97896503,