27744077,
89801755,
980973,
46384672,
73879377,
51562916,
36262024,
51394546,
13179332,
90928333,
74713516,
1102515,
97342942,
30314994,
66712593,
26022485,
91862578,
27967615,
12057781,
52648457,
89405199,
28357177,
88789641,
26412047,
52417194,
75830094,
11224103,
48229808,
9264485,
93107608,
52684508,
25290459,
72657739,
39191307,
27134689,
15800838,
66690411,
52817046,
4929256,
80863132,
47507260,
74591968,
49563947,
4041838,
89628781,
65878864,
90140980,
64751286,
31440542,
54351224,
53539634,
86652646,
53239672,
90740329,
88089103,
38479725,
25578802,
67934141,
49441499,
92084010,