13026402,
37053871,
14148099,
47453433,
242146,
8715625,
48276469,
74458486,
52571838,
86805855,
87621407,
49010598,
53693416,
65260293,
92755808,
75560629,
88753985,
49998907,
1781310,
51632798,
51355346,
34100324,
91932350,
27927359,
54415063,
75782277,
23265594,
40410110,
26082229,
37231841,
63995093,
13626450,
62327910,
75392615,
15960641,
13803864,
1965724,
74848038,
60482781,
48576971,
81306586,
18891691,
74270067,
88975532,
90810762,
12503902,
28143906,
64538655,
49398568,
1995985,
1669772,
89698120,
61505339,
97093037,
26205777,
35686188,
12181376,
34088136,
35322812,
76515293,