49140998,
89718302,
84430950,
62633180,
35149085,
22996376,
59380081,
58268433,
21051146,
40267580,
96501677,
1801154,
16956455,
8508055,
37083210,
8628798,
35027493,
62113340,
23118924,
97623219,
61411502,
87473172,
41089128,
97806240,
48206762,
87751584,
57046845,
52323207,
9744376,
60229110,
98446407,
22873798,
35052053,
95789089,
13756293,
69162969,
60102563,
94667532,
33767325,
967928,
63356631,
76539047,
73578229,
74694807,
75417459,
14878871,
61441708,
20939559,
74388798,
36119641,
51481927,
49328340,
12923641,
1689516,
52101615,
88696724,
15717011,
36361633,
34830502,
15090429,