5728014,
22790789,
19733961,
61968753,
31000575,
59907935,
70095154,
1546123,
74157028,
96428622,
59023523,
45945685,
5606466,
82112775,
33875961,
44883830,
84451804,
67095270,
57062206,
71490127,
71218746,
46128076,
79979666,
43061293,
18511384,
58185394,
85306040,
18325492,
84173492,
23635815,
43697559,
97240270,
32723153,
22512237,
45906428,
71930383,
56840658,
70278545,
37630732,
4483989,
11678191,
78211862,
7672244,
63035430,
60246171,
97362768,
70156997,
42945701,
6540606,
79333300,
5368615,
44729197,
18895832,
10456559,
25573054,
83235263,
7602840,
32752319,
98585345,
6480253,