90374791,
44954628,
33731070,
97023549,
45898858,
66947414,
30548775,
79126789,
6214884,
46910446,
18271561,
72287557,
50916353,
10248389,
65824822,
93554166,
59793705,
47737087,
25366484,
83121692,
10526791,
86188410,
11460577,
31887905,
68881649,
4376658,
31764353,
19394153,
71060915,
93431518,
78004197,
44676200,
22587018,
23309606,
90876561,
64788463,
54976796,
61850482,
70948327,
27581098,
24643836,
98259197,
58071123,
67169062,
25652259,
6337436,
23421244,
91597389,
5498296,
32619583,
92219931,
29826127,
55008284,
51638941,
58859575,
84243274,
96300057,
85066822,
28604635,
7459013,