53828396,
31557782,
80045583,
92001300,
67829249,
30435145,
13250922,
91989718,
15317640,
49522489,
88190453,
77252217,
68774379,
4162088,
29612557,
9910360,
52702748,
28378427,
72426662,
15595052,
10032958,
76039636,
5285665,
8198712,
70865988,
34460239,
69632396,
14472500,
41249545,
32491822,
67951831,
32679370,
71587526,
89222931,
94940436,
6137095,
14255590,
48700891,
55985014,
7076131,
33248692,
87978805,
93224848,
66607691,
2316186,
75917088,
26439287,
69890967,
46427957,
49645921,
44182827,
73648243,
40867519,
6859683,
29590905,
45305419,
41589166,
12538374,
72709014,
6007213,