29139104,
94853057,
55401221,
92518817,
32296881,
28890974,
75041269,
76763417,
76986005,
3370104,
2158562,
49375719,
62868900,
99075257,
77608643,
13093792,
41613948,
40591390,
35464895,
62980542,
81674782,
213326,
94253609,
14225239,
81003500,
41436536,
88820235,
55615891,
36586443,
43340443,
38430673,
57346400,
48653261,
74825788,
6924874,
21074344,
94689635,
191749,
53567095,
67468948,
17178486,
30241314,
95701283,
69303178,
32918479,
80551130,
1036974,
63703130,
54289683,
37318031,
56524813,
68280530,
67646312,
12117532,
29013526,
20529766,
81896370,
93130021,
20951752,
93730409,