23771716,
42431843,
93221206,
43230671,
15480588,
20277860,
88819587,
81480461,
18246479,
25655502,
16768387,
11901678,
87564352,
28470714,
70138455,
25880422,
41396436,
81386177,
11384280,
62121,
95727991,
4031928,
40240595,
93889755,
67494157,
89112729,
21417692,
28593363,
73481154,
76446915,
16972957,
55763552,
13215230,
55875323,
90219263
15237615,
3027001,
41392891,
60862676,
49888191,
25833572,
5818798,
24668830,
8471389,
51828629,
14141448,
58314394,
89272878,
76812113,
12206212,
19613556,
64501875,
98069388,
67629977,
80141480,
2118022,
28546905,
7019529,
14851496,
32809211,
94773007,
9653271,
62340868,
88979991,
69455834,
1184620,
40640057,
99551425,
17358176,
87756343,
87322377,
20394040,
12472242,
10538007,
68658728,
77414722,
31560081,
28933734,
10189126,
21817254,
7489323,
44095762,
55784832,
46657337,
93900406,
56907389,
68516705,
98049915,
7805359,
86088138,
58861941,
21263083,
50152549,
58192742,
549481,
51371017,
10071456,
29155212,
74703140,
5901497,
94905343,
21347810,
20436034,
19066538,
88279736,
68846917,
24611934,
66602787,
25955164,
26202165,
3819470,
30778711,
56830749,
52097679,
2504891,
41420027,
5758500,
8201910,
13599884,
83225447,
98434877,
70781052,
40453765,
98495314,
28725004,
71107816,
41142615,
84926738,
25109950,
51275027,
41462083,
31786629,
71625222,
69572024,
46918794,
78780140,
79759861,
54752875,
2483611,
15150365,
87796900,
78010363,
80741828,
29380133,