62437709,
62315111,
24104865,
25920413,
98719226,
98927491,
36378213,
36042004,
44702857,
90654356,
79409334,
59258334,
64599569,
42682609,
14772491,
16616620,
51192573,
24082387,
63477921,
22147147,
43405287,
89899996,
53527835,
25034083,
55461064,
81866673,
54749427,
17132130,
28355718,
80744121,
15294090,
55171412,
28677304,
81566151,
89943723,
78387742,
97697678,
23869735,
77565204,
80921533,
63259351,
42015635,
17955766,
43237273,
89621922,
96875080,
3659803,
41382147,
24311595,
86742443,
37265642,
41160595,
99861526,
36256625,
97705809,
16946849,
50470982,
15894048,
23299957,
50684552,