12694768,
98444741,
76573247,
99532708,
87257460,
23756165,
50140163,
84478195,
19740112,
46145256,
47961808,
73356503,
10963799,
50323155,
11685347,
99788587,
36935434,
51449743,
25050038,
91623717,
8806072,
44800181,
2561846,
38834303,
91663373,
64268668,
37057012,
90440725,
40418351,
77625948,
41230939,
3019642,
85313220,
12817939,
58206034,
36995273,
98666339,
58098303,
39956951,
1845204,
9628664,
62271284,
90500169,
45023678,
64238008,
71395725,
37011715,
63516460,
71411377,
3784434,
65450690,
63394872,
84290642,
39188539,
25173686,
86209650,
63323539,
24838456,
47084486,
72634965,