73262676,
46052429,
47060347,
58012107,
10667321,
72150572,
35539880,
48712195,
74095602,
8323633,
10789972,
24508238,
74117290,
59235795,
24725825,
11502550,
85507811,
48996569,
73872164,
9845733,
13846680,
9267769,
12398280,
6631034,
98336111,
11662742,
69247929,
83039729,
63176202,
51232472,
85399281,
10489311,
25847467,
12324546,
84385264,
87514539,
49905576,
12510878,
54959865,
17732278,
80344569,
47274077,
48783998,
34717238,
51119924,
84177693,
12624008,
50957346,
99458769,
46874015,
9145181,
26669055,
62054060,
11102908,
99675356,
86442081,
47596607,
32626733,
71934924,
72446038,
27782503,
90397998,
31904181,
64398890,
69025477,
95519486,
46652477,
45939841,
86229493,