35956022,
65384019,
30834988,
1475311,
28985331,
67159705,
26976414,
75081613,
33655493,
52319752,
14089428,
65743242,
14702066,
36931229,
39980304,
9952083,
39712330,
30042158,
3657444,
92773018,
47295267,
65192027,
91596726,
674561,
14536035,
66214679,
5562461,
38107923,
45462639,
38167722,
61623148,
38247752,
40921744,
76925842,
13314457,
39829561,
93431862,
1896112,
64379430,
67223587,
4440873,
53461122,
49352945,
31550470,
89529919,
92595643,
53927679,
46173679,
90642597,
26254876,
67045174,
53257892,
90582719,
25924653,
8730435,
35224440,
63665875,
76203291,
93895605,
52248570,
11913700,
99747800,
48686504,
50074522,
49808196,
26905245,
48017809,
13857930,
90464188,
93217231,
12298909,
79407975,
34002992,
86346643,
7617253,
12735388,
31986288,
5592689,
87685879,
27869883,
60406591,
72345736,
74402414,
48130397,
88307361,
73680966,
51196174,
92719314,
52035300,
66100045,
73567374,
34294855,
26046205,
75524092,
66436257,
99865167,
78371393,
4779091,
31764700,
79852326,