56784842,
99189322,
62892347,
69831560,
8396952,
35781051,
61175706,
97574404,
34568403,
60953118,
97452817,
23846921,
7183277,
83446909,
19441018,
56839613,
94381039,
13474291,
73146473,
37812118,
74329404,
9201964,
76895648,
70676581,
83269557,
1149109,
48934760,
76263644,
36625827,
98956134,
59905358,
41113025,
57902462,
14506878,
44178886,
79444933,
6614221,
42009836,
34351849,
59019082,
48156348,
97234686,
61962135,
82324312,
74029853,
87102774,
21785144,
71799173,
17286057,
37412656,
75141056,
37742478,
14729426,
96235275,
35803249,
9418534,
57774843,
74741494,
73206827,
2362787,
35577420,
27551,
96012004,
95503687,
22624373,
6061630,
33455338,
30707994,
131182,
48356796,
57844634,
9720537,
49879995,
61840587,
49479374,
23639291,
63806265,
36099620,
36690018,
37534148,
21502796,
60627999,
75967082,
86489182,
691925,
1539051,
313513,
20663556,
23516703,
6849042,
40991587,
62784717,
27769400,
12652643,
56052205,
60399954,
32233746,
63014935,
2084239,
58996430,