69514125,
5052212,
83903521,
25247218,
35480699,
60930169,
94886282,
24661486,
5519829,
32393580,
19357125,
97021916,
32441317,
24268052,
11232355,
19327348,
22171591,
32663969,
67723438,
62878208,
6178850,
58873391,
37694547,
59965151,
57731460,
96216229,
59797187,
7391448,
98273947,
32907538,
78792195,
97904474,
17266660,
32750510,
59695933,
6544078,
43543777,
83725008,
85080048,
79068663,
60410769,
45452224,
59575539,
37390589,
56514812,
22201234,
30502181,
78845026,
43385557,
84055227,
10110717,
58843503,
96782886,
59718521,
85060248,
1200843,
23303072,
71628381,
84968490,
96182448,
18013090,
45620686,
74115234,
71272951,
83239739,
19844995,
31328739,
4230620,
21454943,
82633308,
21488686,
58453942,
23571046,
99995595,
70902743,
61656650,
95360850,
18235577,
61632317,
22754505,
97151365,
5645210,
44508094,
48716139,
24545464,
68392533,
84847656,
23323812,
30888983,
14778250,
70780151,
58132856,
79766336,
75622824,
60187739,
70050374,
24025620,
62991886,
82841979,