28062325,
31245780,
71645242,
73580471,
84824601,
20546916,
74440055,
72767833,
83602069,
67630339,
66457407,
18489208,
27340877,
6021033,
66395299,
31111109,
31467372,
7030340,
69584564,
54497620,
28002611,
80723580,
82116191,
612115,
18960169,
23116808,
53334471,
20450925,
31281980,
82994509,
26157485,
53152590,
19974580,
53274132,
80769747,
44364207,
29307554,
94664694,
45247637,
44887817,
92890308,
44424095,
92720564,
28124263,
93542102,
91607976,
70423794,
66331855,
7817703,
29947751,
28284902,
55119278,
8483333,
5126490,
19505896,
36107810,
4857085,
1834753,
79707116,
33420078,
54451023,
33302407,
91078716,
89547299,
66518841,
52430902,
45379225,
55673611,
32180819,
41442341,
27870033,
45500495,
37829468,
63223467,
68722455,
93912845,
5309481,
1557341,
80885324,
68462976,
18752938,
38041940,
15935204,
30123142,
6795211,
63101919,
79814787,
5973663,
10097168,
80987696,
80955168,
99590524,
67270095,
46195773,
11819616,
94634433,
54591086,
30069398,
43642620,