95174353,
14015067,
40619825,
61528025,
32452818,
41426869,
65169794,
53183600,
21340051,
20228463,
79323590,
81380218,
43417563,
17375316,
91782219,
12470447,
34124316,
35565537,
59784896,
80168720,
44763025,
70681994,
42578427,
11324436,
95051344,
17653779,
18591904,
46534755,
45231177,
96890582,
84834865,
98818516,
1641882,
56594520,
95178994,
97017120,
42703248,
96981563,
16762927,
95744531,
47879985,
80811661,
7089711,
54579801,
46130346,
81863068,
76184692,
38552107,
64047146,
15083728,
30243636,
62397231,
3056267,
90020065,
23289281,
54541900,
19406822,
85705804,
67284908,
94675535,
93108297,
81777047,
56342351,
92731455,
64389297,
93013676,
99597615,
40374923,
13723605,
38369349,
44287299,
34442949,
22046459,
44656491,
55998462,
32539892,
19384334,
57839750,
50913601,
18161786,
83011277,
83464209,
5318639,
50930991,
22567609,
74637266,
33064647,
19523799,
74191942,
21263083,
20624263,
36039163,
4849037,
38142739,
55144522,
77027445,
7892180,
73081602,
65570596,
64631466,
45778932,
70046172,
2964201,
73051941,
23401839,
66516792,
95956346,
3797883,
596051,
45986603,
57617178,
58551308,
18807109,
15023985,
43641473,
42829885,
16430187,
82003859,
65458948,
91842653,
15259703,
77827521,
76806714,
29692206,
56789759,
60806437,
82999629,
70368879,
63162310,
72053645,
91996584