652362,
64160836,
63253763,
40048324,
17896384,
31924889,
14553285,
73333463,
88190790,
3431737,
76407432,
77036039,
80280737,
93469007,
56252810,
40012727,
29863101,
75937826,
1474910,
88671720,
49003716,
2009101,
75498415,
69031175,
37675138,
99342953,
38898779,
68319538,
74976215,
32646477,
76614003,
65282484,
14943837,
42079445,
38981606,
1596508,
1764972,
46239604,
88341502,
41234315,
81278754,
16898077,
2619149,
50263751,
15552258,
37869028,
95526884,
37169670,
40348946,
35984222,
55136228,
39703254,
14730606,
76214441,
27827272,
48381268,
77229910,
56074358,
14613029,
20686759,
75775867,
40703222,
53291093,
49826746,
42956963,
39163598,
94303232,
1287123,
92346415,
3891471,
3167573,
94681654,
77336644,
37953640,
75198893,
81524977,
89563150,
54913680,
15175429,
16674846,
67196946,
63948258,
89493368,
28529976,
49980185,
36737092,
28741524,
87148330,
564541,
13821299,
52286175,
76384284,
88559132,
2986553,
40225398,
21702241,
80402389,
62379337,
2779999,
64382839,