64952266,
15475415,
84389640,
58990631,
69695704,
21362970,
56535497,
91351370,
22835145,
11613567,
85215458,
58820853,
76913983,
47778083,
17313545,
51773900,
46609443,
24566654,
50164989,
78868119,
59839761,
63730624,
10875327,
46263076,
42685062,
21672573,
85431040,
40529384,
22628574,
25789292,
4130270,
47985614,
79080761,
83266092,
68473226,
59042331,
32485518,
63018036,
36623431,
37745919,
67757079,
80925836,
12435193,
45041488,
54520292,
19642889,
72258771,
95090813,
41741922,
86223870,
97385276,
25132288,
1073952,
16191953,
4252828,
38680149,
43708640,
97168905,
46656406,
94878265,
85101228,
57108202,
90239723,
10591919,
84592800,
62896588,
64627453,
90011152,
37132349,
2295440,
87046457,
20140382,
23558733,
96553688,
2403771,
11373345,
25401880,
11596936,
80102359,
51987571,
41160533,
76891401,
91133740,
76714458,
82693042,
42463414,
23770284,
98380593,
10651797,
94145683,
65079854,
83370323,
59616123,
71759912,
39402797,
50951359,
99002135,
77135531,
23440062,
38568567,