32207100,
51630558,
7935043,
50781944,
25862681,
87624166,
11830996,
25958491,
6150044,
59969392,
20470500,
43378048,
62742651,
6112401,
60530944,
71652522,
9109991,
46710683,
72714392,
85668449,
42256406,
4694209,
59385322,
13997673,
8057630,
51020079,
35268887,
70054514,
34659866,
8279188,
46480475,
67964209,
69931927,
33537328,
16304628,
24019261,
73507661,
93369354,
40189917,
60718396,
23297235,
71870152,
34471458,
47325505,
87902575,
37955049,
14258627,
98147766,
3972721,
12174035,
9995766,
7264861,
34545235,
8487449,
72992744,
52512994,
6320631,
32314730,
5817857,
41201555,
31692182,
68809475,
95204084,
47432275,
25531465,
24419823,
45593005,
46502013,
77584012,
77600660,
33323657,
10118318,
74845897,
98847704,
39967326,
11052544,
41753322,
68087897,
20358953,
94081496,
25231813,
73729209,
72885174,
86780027,
50418970,
10321588,
73837870,
48447192,
13574687,
6142213,
49669730,
79473793,
98024118,
51808422,
78422252,
42024143,
52352005,
87292536,