43262273,
59509952,
68786330,
94662235,
96029574,
33236860,
54360049,
97811903,
33900648,
73853830,
99261403,
11366199,
81759748,
61757117,
34358408,
8903700,
79798060,
64187086,
15187079,
41181774,
29934351,
96907086,
72631243,
57274196,
33413279,
68396778,
55586621,
82971335,
29088922,
82693917,
68663748,
27970830,
18096222,
81601517,
91798373,
33846209,
17243896,
34022290,
57441100,
14462257,
18712704,
56209279,
20057949,
22991179,
20457551,
46237548,
39037517,
65026212,
10060427,
74576482,
57421866,
82324105,
35514096,
21159309,
7841112,
94538053,
37792478,
95784434,
22123627,
17021204,
55117418,
71519605,
96729612,
20932152,
95507060,
20210570,
54248491,
43426903,
60634565,
89810518,
90576781,
16909657,
21179143,
42303365,
38815069,
54094821,
60234913,
56339050,
32391631,
17874674,
82878489,
2420921,
65422840,
94484482,
28966434,
56051648,
69408987,
69112325,
80637190,
68543408,
81489939,
9126351,
21879581,
94068856,
47459126,
75162696,
83546647,
9848939,
65303664,
93816465,