38589847,
78121572,
17490535,
41158734,
88301833,
19665973,
77207191,
83392426,
76218643,
63851864,
31615285,
45133463,
39701395,
24673894,
4796100,
65496056,
2980764,
18517177,
30770156,
5373478,
44341034,
18739764,
77153811,
30492798,
4141820,
80513550,
78009994,
56286179,
3429238,
67987302,
15684835,
50078509,
78275321,
43889633,
16229315,
30646525,
30213599,
3381441,
99523325,
3825890,
38975369,
4941482,
79161790,
53039326,
30936186,
81128478,
25518020,
70406920,
82458280,
67030233,
56856951,
66818682,
83467607,
82340056,
82670878,
31768112,
42280216,
39091951,
51790181,
18842395,
90246973,
55063681,
16678947,
43002864,
79491903,
91580102,
16008155,
16886617,
25796442,
52913738,
27863269,
44125452,
44901281,
19451302,
28859794,
15939448,
3603242,
62782218,
26640671,
39823987,
78552773,
5220687,
81336148,
88289295,
91468551,
4404099,
20797524,
70284332,
63465535,
57308711,
65196094,
64973456,
56043447,
5763020,
42167046,
17720747,
42737833,
77330185,
2203790,
22858242,