38837163,
36629203,
19204398,
14430063,
87043568,
47346845,
74730899,
74130411,
75252099,
52833089,
9012916,
67779172,
89040386,
25435080,
89258906,
26775203,
52869807,
13438207,
51047350,
4168871,
25652655,
31385077,
36407615,
11593137,
525110,
36560997,
26257572,
49600724,
87106146,
27383110,
12079734,
29228350,
51925772,
91107093,
48742406,
13708425,
68505803,
19182751,
67483216,
4904812,
88928798,
44665365,
73018302,
47421985,
85475641,
9059700,
49080532,
51717541,
98954375,
72896720,
14550855,
66957584,
86197239,
13582837,
15313433,
39440937,
93946239,
135598,
80367387,
91985515,
176392,
49680980,
12216615,
90263923,
73318863,
64990807,
47929865,
75675029,
48868994,
49833312,
2843014,
40555959,
86821010,
53656677,
66835946,
12469386,
1357146,
73787254,
88032368,
53778229,
35448319,
4290468,
11747708,
75105429,
50702124,
74952447,
92223641,
48568432,
87319876,
65612454,
46897277,
402568,
12296376,
63665606,
28506708,
96099959,
23093604,
5998840,
31383545,
30562585,