96146814,
45586855,
36100154,
79965360,
15951532,
53162898,
71209500,
6459419,
89567993,
712559,
22082163,
41224658,
20138923,
96700602,
60534585,
9999961,
84962466,
58685438,
49267971,
22205600,
56532632,
98867329,
44792253,
95291684,
60741115,
70187958,
34257001,
57568840,
34149830,
75652080,
14017402,
61864793,
97268402,
96914272,
88845345,
47217354,
87622767,
54326448,
91711547,
28332833,
30399511,
93882364,
33970665,
21350571,
97922283,
20351153,
74717840,
83027236,
49389523,
52346240,
94079037,
36484016,
21636650,
58807980,
35563539,
20174189,
44789585,
37322745,
17285476,
7304544,
57355219,
23327298,
62472614,
69529567,
98645731,
7582066,
58477767,
60312997,
83957459,
45815891,
19139516,
56746202,
76774528,
83135907,
82012319,
55624610,
59699355,
74439492,
48445393,
1050684,
84749824,
23535429,
13521194,
61650133,
32854013,
15839054,
77506119,
20474741,
40101111,
22318971,
21296383,
63595262,
13995824,
18407024,
95084054,
2772236,
1834107,
45801022,
81896771,
35262428,