85876417,
22371016,
59482302,
58324930,
31766317,
31175914,
19578592,
11813722,
44028461,
31053337,
4068622,
43906884,
78564023,
96930127,
5780210,
46967601,
71249758,
59546528,
30127518,
83584898,
71417170,
85718645,
31849106,
34116027,
21249921,
94145021,
68456353,
32391566,
50091196,
58601383,
66165755,
68450517,
67441435,
59156966,
93023479,
7811875,
6799227,
45141013,
85541675,
92300891,
39118197,
79178930,
30230789,
93724592,
23874409,
22751868,
3846170,
45688586,
66625883,
66816282,
46089249,
79418153,
57201737,
84206435,
45358284,
10691144,
29795530,
60668166,
96653775,
23051413,
44236692,
17841097,
6903857,
7025445,
67234805,
29417188,
97489701,
18634367,
71353388,
70630741,
66661678,
5577649,
22539270,
67038874,
92901944,
65503206,
50278554,
24696097,
67750322,
20630765,
70391588,
21113684,
18964575,
79796561,
94845226,
82361206,
96363153,
4638410,
5851097,
43014054,
58924378,
97885363,
61380658,
84428023,
32061744,
24996659,
23274061,
18756904,
22339232,