27821104,
92361635,
89127526,
53519297,
16516630,
52900379,
88305978,
97783659,
97940434,
27450400,
63224564,
16638212,
89914395,
15854426,
53855409,
13455953,
41077745,
88369727,
27243130,
88283496,
14464864,
91148083,
41788781,
80036543,
43530283,
1498130,
80204957,
16708652,
24150026,
6276588,
66976526,
33184236,
70271583,
75116619,
2511717,
49721904,
74094021,
29981921,
48505422,
40666140,
67098114,
67211766,
28643791,
23434538,
76348260,
41458579,
94230224,
42793609,
55154048,
15286412,
89792713,
86827882,
88069166,
93483212,
60577362,
15576074,
51555725,
69155991,
32761286,
98162021,
77847678,
54031490,
33883834,
23212990,
81426505,
16308000,
80244114,
89181369,
77060848,
68933343,
94331452,
31826057,
14677495,
15394083,
53819808,
54631834,
42671151,
50433147,
30604579,
3129635,
49514333,
14342283,
52971673,
53623827,
2333365,
76721030,
40844552,
61777313,
25373678,
45215453,
41858121,
5554990,
29765339,
53193261,
32548609,
57543573,
84932271,
10026986,
40736921,
94215860,
17521642,