22386234,
84914462,
3072808,
38562933,
49460512,
98884569,
12986778,
39531794,
63676256,
4081825,
77087109,
10925955,
65703851,
47013502,
61737116,
72926163,
84653834,
99070951,
40583194,
86997073,
45178472,
73285669,
50893987,
9780364,
25343017,
96287685,
59771339,
78922939,
2924048,
24621460,
50615578,
11125718,
46272804,
25165047,
64681263,
73417207,
2137678,
75733063,
39648965,
38522377,
31930787,
77864539,
67328336,
41475424,
36565699,
76865611,
2250266,
14198496,
37349495,
77700347,
79718768,
24221808,
78586116,
46291010,
11047543,
3146695,
72563071,
85775486,
10028593,
41197012,
87614611,
59593925,
23008320,
83831356,
38296564,
41705642,
50215517,
97000273,
64550682,
1802450,
15103313,
98358303,
98126725,
47436247,
62950604,
75525309,
42314669,
51447164,
64898834,
64910482,
97836203,
37300735,
24943456,
62560742,
36687247,
1315120,
293542,
98558751,
40253382,
76641981,
11264180,
3868277,
58258899,
59371387,
10802915,
23408872,
38318146,
15310033,
36352429,
90075978,