8949584,
70832512,
98865920,
94119480,
84747429,
7653207,
99657399,
85352446,
51254277,
7953868,
24707869,
86690572,
32835363,
69042950,
87526784,
23915499,
50319138,
12863633,
94770493,
24137081,
69572169,
1945387,
52140003,
32703716,
21507589,
11954712,
64107820,
26082117,
71786742,
19019586,
33347467,
72403299,
25259669,
62476815,
48135190,
9897998,
6430659,
50532786,
46404281,
69320362,
95992081,
95231062,
21143940,
58147549,
10920352,
34160055,
33225925,
69610924,
32003338,
87313164,
90470931,
68124775,
24920410,
21620076,
57902193,
50292967,
52263685,
71564150,
24103628,
69846323,
8175346,
25642998,
27980138,
11741041,
26864586,
45282603,
22842214,
98649372,
47349310,
93396832,
47126872,
84569017,
63485233,
37926346,
5014629,
86804246,
33057951,
6836211,
20264508,
73625877,
31386180,
13685271,
48357738,
51324455,
86474024,
59070329,
45170821,
46759931,
90592429,
12076263,
95714077,
85682655,
59297550,
58475908,
12299841,
68597372,
10132124,
67775894,
96457619,