21051977,
43096270,
46083380,
12533811,
74416224,
69380702,
82382815,
21843307,
49144107,
46961802,
79279397,
51701885,
95448692,
41930553,
29876529,
29116732,
28654932,
73178098,
54059040,
8632967,
34026662,
80651316,
17045014,
16480084,
54266211,
55488859,
28877602,
81873903,
93504463,
42752141,
74294676,
7405310,
50866755,
68054593,
94626050,
93830681,
93717133,
69243722,
64734090,
36227804,
12755462,
32065885,
20721759,
71341529,
68120130,
94656263,
15667446,
31632536,
123709,
55501446,
57115864,
74530899,
67232306,
9576193,
60398723,
24694698,
56223084,
11411223,
47805931,
48928529,
33782437,
71233859,
28990150,
35848254,
80495985,
9354555,
67445676,
92595545,
95561280,
50088247,
95788410,
31173519,
85138716,
13478040,
81443745,
87483942,
43359262,
33904024,
20838380,
81665333,
69176131,
68167124,
698785,
96383838,
86361354,
55271628,
5237827,
56993276,
88205593,
42328171,
16923472,
25716180,
80538728,
42874792,
53540729,
78156759,
72355441,
4545854,
61011311,
29999161,