69023354,
96427353,
79155167,
16272453,
65150219,
2148918,
82944432,
95905259,
30488793,
78811937,
48588176,
57784563,
31919988,
67904682,
41722932,
76202610,
57662975,
37421075,
3493058,
20277376,
44883600,
93353691,
22812068,
64815084,
5338223,
24362891,
23234094,
69633792,
56240989,
88095331,
20855340,
18511599,
21390858,
33034646,
81000306,
3606728,
17494901,
76972801,
80887714,
77098449,
39695323,
25206027,
95395761,
87973893,
21790410,
68184115,
44505297,
94573223,
21977828,
52601736,
69207766,
38643567,
16550875,
7243511,
40817915,
4423206,
22512406,
95027497,
50766506,
90200789,
19333131,
55727845,
56840427,
83061014,
63193536,
64145892,
1362589,
38757297,
38973775,
65367484,
51589188,
78933589,
90640901,
26586849,
52971944,
2584136,
4215636,
39765115,
43661068,
74983881,
99188141,
52823314,
94283662,
29455728,
58911105,
1371589,
64038662,
42548470,
99212922,
20193924,
77334267,
81122844,
93451636,
57962537,
25484449,
30600344,
26708437,
2371506,
91422370,
76080032,