3900605,
38520918,
78910579,
30587695,
52497105,
70194827,
53610653,
48582558,
16719802,
83991690,
75987257,
5244497,
45812361,
12197543,
86825483,
73632127,
10389794,
5914184,
90887783,
88760522,
14154221,
39672388,
91903221,
3283679,
26099457,
51549976,
66499018,
61807040,
12423762,
91949988,
85709845,
44790889,
17201174,
27337596,
30794966,
4022819,
78033100,
31516413,
41639001,
3300267,
66789970,
77901552,
53670497,
11975962,
25377819,
47360060,
51365514,
64514622,
13140300,
64332231,
54936498,
87047074,
38450736,
26211048,
66066482,
259314,
65844845,
2461031,
42851643,
67511500,
38737148,
30126992,
4722253,
27407330,
91349449,
99004752,
16366944,
43573231,
39272762,
89882100,
46384403,
49204190,
92125819,
92887027,
80117527,
64554883,
65676461,
82308875,
81816475,
59644958,
17189532,
28150174,
92661479,
90726340,
30494314,
47247413,
79850798,
42425831,
97170107,
5037726,
13210191,
79972330,
64892035,
86039057,
50427388,
26285788,
87151205,
13032689,
99064191,
74854609,