76224717,
12644061,
65301952,
40213117,
8078366,
72580321,
14568951,
14289852,
49191560,
7392745,
52158283,
15941690,
93730230,
51435705,
88552992,
25163248,
87430304,
26345570,
90951921,
40383551,
48216773,
50613779,
35195612,
4192696,
28290705,
90673413,
13166204,
52340274,
28912357,
47030842,
1045143,
923596,
73428497,
87890143,
34251483,
61468779,
89774530,
50491121,
52370835,
26885836,
60645181,
53466826,
49551909,
92918648,
86585274,
35073065,
41952656,
86778566,
82579942,
73702909,
36378044,
49374988,
48252330,
14001430,
75363626,
12940613,
11868731,
12980373,
74641045,
75833426,
48439321,
21524779,
35255456,
13629812,
14745409,
19680539,
39139935,
9161357,
84417082,
27068117,
84530620,
13492423,
56174248,
983995,
87347365,
9791914,
57019473,
73599290,
91895091,
40230018,
14824019,
52628687,
25123082,
89739383,
88616795,
20802187,
86555018,
13002461,
66523544,
64689404,
87608852,
47594192,
7852878,
14214060,
74611888,
36318200,
1005587,
51405049,
11228035,
87008374,