21044178,
88409165,
8719957,
60202749,
34707034,
97697447,
62476197,
61314842,
31975743,
83715234,
440556,
22047978,
58531587,
36088082,
59957503,
8649148,
62437430,
7914843,
53136004,
770365,
23269426,
66853752,
51282878,
96864811,
9583383,
12014404,
9053187,
57043117,
35866404,
35220244,
60316373,
96704018,
90743290,
21924381,
34143852,
61132951,
48009503,
74593218,
95920682,
40343749,
95772051,
26732909,
34103656,
89521713,
26016357,
52404456,
37164373,
60470713,
23681456,
96474800,
40160226,
60080151,
74371660,
69293721,
96682430,
23899727,
95466842,
21767650,
21954587,
58471134,
22076135,
87564935,
69257165,
12836042,
9861795,
13959634,
88686573,
83438826,
47387961,
1992816,
49221191,
75620895,
36042825,
73776643,
97526666,
76442347,
73778008,
58165765,
22747316,
14771222,
84650463,
3070049,
67675300,
73659078,
15893860,
33911264,
20822520,
61592395,
97997309,
56321639,
54359696,
9831539,
22869904,
33981008,
95642274,
48049769,
61254509,
30464153,
95352218,
57319935,