19596712,
79206750,
82263578,
18988391,
21223277,
82593786,
58131925,
28190303,
59834564,
78474168,
6353603,
43748308,
70355994,
17475251,
74168099,
37057743,
44860890,
75132317,
1662004,
2521011,
96381979,
36569343,
80321197,
46696593,
95169481,
31863912,
44046281,
19700943,
17643265,
70329348,
57103969,
44920699,
10719350,
63175639,
44250812,
21831848,
44682448,
18698739,
18658572,
56105047,
23776077,
38525760,
74010769,
96051150,
37803172,
1409474,
43708041,
83108603,
56921677,
82315772,
82293134,
19310321,
45705025,
17536995,
84220251,
10532969,
10365322,
62953041,
58712976,
18724123,
5479217,
11501629,
98225108,
22653490,
19870120,
74298287,
37781520,
282886,
22446869,
59170782,
85239662,
23562407,
18426196,
59057152,
23998625,
97403510,
71071546,
35842855,
61231400,
45869829,
9560338,
61019812,
58058134,
70655556,
84117021,
56981417,
6691855,
24610207,
82386016,
6713443,
99348756,
71541986,
57836546,
43138260,
32086564,
85446833,
60992364,
45082499,
81471108,
18865703,