72932673,
70875955,
27632240,
70089580,
83272895,
4549095,
5361647,
79867938,
23232295,
32750341,
68144350,
18322364,
53804307,
43694481,
92572371,
58504745,
49785720,
39699564,
66084673,
93294869,
53797637,
26329679,
78358521,
23454876,
6260554,
82050203,
5325424,
54813225,
7500772,
4756629,
51960178,
19059929,
33665663,
54149433,
70946699,
57782164,
15561463,
6148016,
44663232,
19667590,
52182715,
90238142,
85909450,
32542011,
19337371,
86848580,
72710085,
11398059,
28754338,
89185742,
45939611,
91350799,
79759367,
84877802,
4417407,
22110647,
66200210,
31533704,
30811116,
67922702,
76902476,
71098407,
75180828,
28577986,
45651298,
68937720,
7452945,
13391185,
59627393,
88177324,
2407234,
85121942,
70101178,
32872833,
44509898,
6483224,
47660516,
91020571,
90411554,
25788011,
45725480,
83054225,
50449881,
71923655,
17932494,
46448938,
43841694,
44717069,
27415516,
18114794,
18444902,
89399912,
26400609,
7092142,
71068247,
12275533,
65961085,
53027855,
44487250,
10275411,