42216237,
92039899,
28423537,
66540884,
63883999,
88033975,
28493337,
31677606,
66762372,
93751476,
89856523,
30929786,
30338466,
32339440,
73906480,
66727115,
68601507,
94096616,
69723159,
5818294,
80555062,
32202803,
75840616,
27189308,
67136033,
3534077,
42338879,
15721123,
67949763,
6330307,
97396380,
36499284,
66413481,
62023839,
80978111,
11066358,
77799846,
1249315,
15028680,
13183454,
19113101,
51855378,
24384095,
26570480,
53573406,
16943770,
67489919,
94973028,
53451824,
20368763,
31480215,
15240238,
14005031,
53550467,
49678559,
2061963,
76067258,
49456901,
87911394,
48333324,
94156050,
37511832,
1127737,
6930746,
92099232,
14306092,
68661341,
93211810,
45118716,
41517789,
44273680,
8875971,
70668285,
40390147,
45496268,
8091563,
71880877,
80190753,
14466224,
54706054,
89732524,
5288597,
55428242,
91812341,
28201945,
29616929,
7152333,
33551032,
70546737,
52639377,
33725002,
94933468,
904185,
29146185,
72502414,
78610936,
74728028,
31554054,
66604523,
16366810,