16889337,
84341431,
29330706,
50789693,
92729410,
28118128,
76589815,
61679541,
24184846,
36916401,
84677654,
61901281,
40217358,
53678698,
35183853,
42551040,
88940154,
89662736,
16157341,
11958188,
1855932,
50243722,
32995007,
85893201,
99902789,
38250531,
1639384,
65737274,
63300440,
917796,
42155488,
75367227,
85463083,
80885284,
54512827,
99795159,
86516889,
81907872,
16279989,
50527144,
27491571,
54490275,
63422098,
15545291,
22888900,
83519853,
23122036,
35629124,
15767889,
62514770,
10736540,
24845628,
61791132,
98780137,
35307484,
78540593,
41329458,
15335853,
64245689,
60181553,
59305593,
50457953,
92841002,
46008667,
47120245,
2978414,
39972129,
3790062,
49195710,
77205367,
97738431,
97173708,
98672567,
17601919,
37038993,
43378076,
61466310,
14812659,
10613952,
98850929,
25407643,
24062258,
97064649,
14212201,
72497366,
89362180,
55735315,
58272005,
41039846,
25067275,
77428945,
58947797,
40607210,
80485722,
62188962,
88728507,
22900598,
52575195,
99234526,
53090623,