91869203,
67371383,
40916023,
7165085,
40133511,
58696829,
32015116,
98456117,
57953380,
21888494,
7565547,
28358902,
85802526,
94377247,
5494820,
90925163,
31829185,
93599951,
57579381,
95286165,
69122763,
94212438,
5616412,
32437102,
8687195,
67105242,
69954399,
58818411,
21598948,
22419772,
64752646,
27132350,
12883044,
31987274,
33550694,
86281779,
12800777,
69140098,
45894482,
13676474,
33737664,
5434080,
46821314,
5600127,
21297224,
94163677,
21770260,
21558682,
83968380,
41855169,
88240808,
90147755,
38480590,
55226821,
27671321,
83746708,
62279055,
71466592,
82432018,
20765952,
29549364,
56948373,
57882509,
86569121,
6343408,
12953226,
19230408,
19827717,
31709826,
70344351,
33950246,
10352095,
87303357,
6733059,
77527210,
52121290,
69832741,
94772232,
31893528,
30170981,
67287533,
13522325,
53530069,
15866454,
21175632,
14644902,
44072894,
3573512,
30606547,
66989694,
68400115,
84080939,
68049471,
86099788,
49064413,
32541773,
76305638,
65475294,
71283180,
18605135,
53582587,
56747793,
95220856,
73216412,
88472456