77797992,
10406322,
50896944,
23979249,
63049052,
23857661,
59251766,
10860121,
50474354,
86868952,
73289035,
33611061,
38007744,
65591858,
72520073,
1586457,
57996334,
72167543,
25700114,
46772449,
19684740,
46895036,
61318483,
98707192,
97584500,
7617062,
24101897,
51196805,
84472026,
37055344,
76436988,
37168514,
64379261,
90764875,
37984162,
84401683,
22134079,
46955770,
85646474,
25524823,
58139128,
19748583,
70000776,
90434657,
80208323,
97317530,
8561192,
34834619,
59951714,
53981499,
23689697,
70222318,
51912531,
24701235,
73359475,
48739166,
84124261,
12744567,
11522979,
47017574,
99311109,
72537897,
6595475,
75214390,
39229392,
85346853,
2618045,
46132282,
64161630,
96470883,
2830693,
71345905,
45950291,
38777931,
23087070,
1372887,
50074392,
63227401,
75673220,
65384188,
15458892,
85255550,
11682713,
91650245,
62434031,
99429730,
25824484,
99641328,
36046926,
47077318,
63257623,
12467005,
8522996,
26822796,
3557275,
86062400,
32999573,
8339504,
40941889,