60953949,
47594939,
11475049,
85080444,
12697630,
84268896,
69840739,
48086335,
29223325,
47863787,
85103922,
12444060,
20292186,
56611470,
82140600,
86325573,
13313278,
6625096,
50920465,
48531733,
9418365,
11221418,
56574543,
68618157,
55599882,
21501505,
68018709,
6351548,
81994591,
93238626,
13166648,
18235309,
74100225,
54773234,
20349913,
9024367,
98263709,
24658418,
23536866,
46925518,
85827713,
29400787,
32224143,
72913666,
76543119,
7573135,
29357956,
8696773,
51043053,
36029076,
81171949,
86049351,
34968834,
34680482,
33746252,
72291078,
87047161,
57690191,
93085839,
55742055,
32623004,
94380860,
10389142,
56051086,
1426714,
31801517,
93568288,
67173574,
20785975,
68396121,
32446630,
20563387,
95239444,
95113856,
6901008,
67556500,
71175527,
57734012,
94950218,
51852507,
28388296,
41493640,
95403418,
82016179,
10753491,
73136204,
20579538,
10530913,
47741109,
49838105,
59650656,
48716527,
69230391,
45803070,
73988674,
59708927,
82962242,
11109820,
51865604,
2648201,