40502912,
8873112,
34267821,
60549248,
78621186,
39389320,
42233477,
83755611,
66500065,
2095764,
22923081,
82633039,
3171055,
76766706,
61488417,
57143342,
9348522,
81788994,
83531441,
94693857,
33145233,
95816395,
58369990,
16960351,
21970285,
20366274,
94977269,
3160805,
39276790,
55416843,
73176465,
10560119,
17390179,
43785278,
40371092,
14882493,
20758643,
18027138,
80566312,
22200403,
43455065,
89189982,
3395226,
60666820,
93108839,
16178681,
72959823,
76660409,
41440148,
78835747,
42562690,
15452043,
4239451,
79967395,
45742626,
15248873,
35089369,
69327790,
58695102,
96938986,
56350972,
29143726,
65056481,
2273734,
75878039,
18205590,
1050186,
38667773,
84764038,
3717252,
4904633,
77723643,
37445295,
44394295,
4939890,
30328508,
77505534,
76990617,
21088856,
81810441,
56638325,
41510920,
5026221,
30106950,
3117804,
41628550,
77013169,
39454112,
97750534,
79844764,
20036055,
2055403,
56421754,
82419869,
19814508,
57473560,
30398342,
17183908,
43577607,
77783947,