44256816,
47728740,
27279764,
79636594,
73213494,
16021142,
43912676,
78184733,
42199039,
67926903,
16195942,
13974207,
59368956,
39900763,
85310252,
41367003,
30068120,
6417578,
48424886,
74822425,
79514956,
36006208,
10817524,
3841833,
2729285,
39246582,
66457138,
65331686,
38124994,
85545073,
11039171,
66127916,
74335036,
59911557,
69865139,
79606837,
48546368,
70422863,
25935625,
48940337,
43034264,
52339733,
51617185,
18752707,
5972394,
86767655,
3734202,
88724332,
21521304,
51543904,
39122311,
79306385,
17857780,
5672432,
43241495,
31077447,
4450854,
91907707,
64496451,
37991342,
65518099,
90885155,
30845999,
50485594,
734741,
24919805,
17639150,
26057276,
99668578,
63274863,
12152769,
42029847,
52551211,
32476434,
5908650,
92512625,
42589641,
5795980,
41307269,
78391364,
3064425,
77679716,
4786063,
31181711,
12927849,
99946920,
77462146,
70245411,
9485511,
72491806,
35884610,
24218047,
24096499,
601193,
86889202,
78574395,
11705261,
67249508,
43202238,
87602890,