23587624,
40061558,
52198054,
9342162,
87288189,
35544402,
52738610,
75944053,
75421661,
39432962,
1003028,
51976476,
76066541,
73779005,
60004971,
15582767,
74009824,
38210374,
95376428,
57047293,
36553319,
12451640,
47611119,
99645428,
2948263,
63583431,
62835876,
61948106,
62161698,
26034577,
88301393,
52038272,
14799437,
89423971,
25811989,
51316684,
40894584,
51916032,
14309486,
95254840,
12338068,
37198732,
62957424,
40672993,
35330871,
48737767,
36898537,
164710,
15521027,
97211663,
74122412,
60226558,
69982329,
22765132,
33823832,
96606246,
69211541,
22091345,
65195959,
91584698,
96598015,
87588741,
51194046,
13073850,
8559793,
21648584,
73887236,
53251824,
20426907,
57815601,
1516510,
86466163,
13851202,
88901771,
36776089,
36376145,
88197162,
88123329,
9272381,
27978707,
27756115,
90361010,
64373401,
494922,
64605089,
33609262,
13683298,
1826676,
34614289,
98229575,
61613388,
49959355,
25704359,
34822850,
94432298,
8437145,
58169731,
49249907,
25244515,
83319610,