97232518,
81992475,
84988419,
19048328,
98076754,
82044280,
58199906,
18386170,
36693940,
22227683,
96015976,
62681049,
58616392,
45593826,
61173621,
34566435,
34688023,
97567736,
19261966,
60743819,
9298235,
98280324,
83866861,
43698897,
6077601,
10383554,
57477163,
17194258,
5133471,
39030163,
59438930,
981540,
31531170,
56585883,
23440231,
60551528,
96055137,
98954106,
25148255,
24348804,
44311445,
95833645,
63804637,
60621361,
19508728,
21105106,
86532744,
32354768,
74926274,
37745740,
340002,
73130445,
36415522,
71705144,
128454,
70458081,
74852097,
84298614,
98154550,
85101097,
45533023,
96345188,
81927732,
60950180,
43476205,
57777714,
23166823,
56655675,
96223501,
57594700,
82114013,
95401059,
58016954,
62895219,
23626223,
22617205,
9402966,
36523152,
62017867,
35800511,
70083592,
18326736,
48800175,
44771289,
71279983,
70043345,
17264592,
43658697,
911883,
61965407,
78748366,
79861914,
23740893,
69838592,
35561352,
5255013,
58990362,
84388461,
20773176,
21495657,