71422989,
45349196,
57624336,
5050644,
21452275,
85967160,
22174866,
96789758,
58569561,
68833958,
67443336,
84845628,
93969023,
7394770,
3105404,
79777187,
32566831,
67616300,
79531196,
32146097,
71612253,
82956492,
10117149,
93332803,
83980492,
28265983,
24326617,
95676943,
94937430,
31044787,
6142488,
19355597,
97007933,
92266279,
65872270,
59785059,
61639289,
96802306,
23296404,
50407691,
24019092,
24131534,
97024987,
18239909,
79555535,
58446973,
82734805,
66752837,
31061682,
20849090,
67050396,
94454495,
67237709,
29726552,
56111151,
92746535,
10239627,
19474136,
4227096,
18108166,
45627618,
43268675,
68819554,
4807253,
31292357,
4081665,
17016362,
67696066,
44481227,
70479321,
44364077,
26270847,
70899775,
5929801,
30500113,
31314549,
43383478,
66994718,
39357122,
30079770,
44405066,
6172122,
46502744,
39387565,
45103815,
18252559,
30922149,
68182934,
5650082,
7864030,
36953371,
79757784,
55863245,
66574418,
83629030,
93983867,
31444249,
31222701,
71692913,
17086528,