70456282,
16051717,
6628343,
54484652,
75249652,
7841921,
46259438,
19808608,
72291412,
74605254,
11609969,
45206713,
811734,
15939229,
72648577,
74069667,
92536468,
3758046,
27873305,
37209439,
46372010,
73360025,
9765723,
55106249,
89544521,
27995943,
32013448,
33622465,
72413000,
74416026,
80889750,
55063751,
40089744,
92723496,
1637760,
66451379,
93445074,
52145422,
29834183,
2759860,
49966595,
20056760,
75361204,
67273917,
76751255,
93662626,
81057455,
55885348,
29491334,
82270047,
56907986,
93302695,
5506791,
68395509,
49366157,
94784213,
31991800,
13972452,
2572890,
36183881,
31178212,
88722973,
76473843,
48144509,
53262004,
1033312,
20513882,
2359348,
71578874,
7563579,
88358139,
15978426,
52963531,
91501248,
75539614,
28674152,
52323874,
45184165,
8785161,
41201386,
87609391,
93124273,
80666118,
14816688,
65338781,
33245030,
48422921,
73694478,
14094090,
799183,
79234734,
87535691,
40028305,
14624296,
14756848,
41141943,
44968687,
28112535,
38844957,
69512157,