10678778,
25795273,
29904964,
76004142,
92510265,
77152542,
3428069,
86240887,
11790356,
49823708,
84058253,
10443957,
62312469,
97588916,
24573625,
15155568,
41940225,
88757791,
41128647,
368382,
37752990,
77116346,
38988538,
64973287,
63251695,
41554273,
1580833,
22638495,
14733538,
76218313,
16278116,
50078320,
59123194,
81035362,
42776855,
3211439,
36956512,
58901502,
59255742,
84305651,
98301564,
15555120,
21516908,
99330325,
63941210,
78348934,
64063868,
37679169,
1274455,
64280356,
90452877,
13611090,
78949372,
645794,
75195825,
89883517,
21565445,
16494704,
23851033,
77826734,
83461421,
46066477,
89113320,
53724621,
17330916,
47075569,
16617334,
42002073,
40838625,
53485634,
78161960,
38601126,
41767843,
35818851,
57288064,
83283063,
62038047,
36630403,
99423156,
4333086,
40005099,
40605147,
14763299,
2396042,
85528209,
78274190,
42880485,
89091772,
15495787,
80335817,
61190918,
6511113,
54941203,
76930964,
40945356,
14541657,
43898403,
38891741,
2602411,
97466438,