98287529,
33300669,
34522216,
69072185,
7305060,
50554729,
70917315,
47598941,
6283472,
32687071,
79794767,
23160024,
87979586,
23338098,
46253216,
50371210,
19462747,
24672164,
59822133,
2129638,
10971759,
86643777,
50619462,
50954680,
17530001,
25494711,
12215894,
62893810,
68950538,
32465539,
58600555,
85004150,
12615446,
94344242,
74582050,
5067884,
45467446,
47475363,
67310848,
48310593,
57554544,
87765315,
11493868,
59432181,
29087919,
92693205,
99000107,
62015408,
9032529,
86943389,
62242678,
85991529,
59496924,
86013171,
12408276,
12385638,
7127502,
11317977,
11439455,
51777272,
24550676,
97165977,
48427163,
11193246,
83190280,
84812868,
47705572,
23220863,
45644898,
24382602,
12255007,
59762399,
86157908,
23377694,
13048472,
36734924,
72855441,
10194329,
73977033,
46589034,
86221741,
58988903,
85704698,
31733941,
19254117,
63737050,
8240199,
59640711,
85034450,
26517393,
26268488,
84769941,
90122655,
11163040,
71039903,
48770333,
85821180,
72648810,
73860462,
44928016,