68170903,
295517,
28596933,
25345186,
18036057,
69296555,
2134346,
40633297,
41925941,
98239899,
29401950,
61622107,
80163754,
93220472,
62966332,
31036355,
80071763,
53982768,
24623598,
3682106,
63018132,
55991637,
54178050,
55773067,
53046408,
74131780,
77910045,
37406863,
78706415,
81172176,
66235877,
49681811,
38742075,
38538445,
37684215,
14291024,
29618570,
2356994,
64801562,
75745607,
77084837,
79575620,
28566710,
16475472,
14318794,
20831168,
17658803,
61844784,
40695128,
2460565,
1347977,
29389368,
56995655,
14531242,
39751094,
19153634,
52860176,
31785398,
32807846,
92421852,
44203504,
38916461,
93016201,
49868263,
42647539,
36562627,
71829750,
37620434,
15653824,
63789924,
76297408,
31553716,
67957315,
92394653,
99173029,
94425169,
81385346,
27770341,
75923050,
1412158,
40473581,
403847,
93346024,
92408984,
1525329,
83764996,
40703393,
99351431,
95281259,
76075810,
70797118,
55013285,
43586926,
88132637,
94568601,
75953262,
89258225,
56369281,
6979239,
76862289,
3078576,