33656832,
20073910,
80773359,
17994645,
53389254,
56562619,
9929398,
73534250,
94689206,
7044562,
42566602,
8267140,
46035545,
41546,
111280,
47222536,
32104431,
32134638,
65472618,
85551711,
54250060,
55623480,
69599136,
10833828,
74839123,
34449261,
13647631,
73616671,
60433216,
48444114,
71650854,
43930492,
7922915,
35191415,
71696014,
7084129,
34079868,
81612598,
69711728,
33327029,
54401832,
73594093,
33256280,
28016193,
7868571,
60473572,
69351984,
46500985,
79324191,
80896940,
49032236,
61307542,
98414735,
61420130,
35035481,
24903843,
68477598,
72708264,
34379489,
45591967,
9106362,
8384771,
71985676,
7268133,
71863024,
35261759,
95083785,
72318602,
8706701,
45313993,
76136345,
67284107,
94801854,
93966624,
30979619,
4474060,
78080961,
41091257,
78202553,
42713844,
16719140,
11050415,
94861297,
5697558,
21296502,
56346071,
45383307,
69529337,
9989792,
95923441,
72772445,
32912040,
96100333,
68406755,
96746083,
82744076,
16172067,
31472884,
28139785,
29951323,