91231901,
37803970,
16759958,
38148100,
25669282,
91754175,
65959844,
64753157,
81599449,
55100740,
18993198,
99397762,
58383100,
21999001,
4820694,
3576031,
76359406,
20050865,
52176579,
99274184,
2743001,
56049970,
93665266,
39964797,
55326322,
83443619,
29838323,
78316184,
1621413,
64414267,
65536818,
83326048,
27143874,
42143067,
63992027,
38955728,
42921475,
3966653,
94388754,
21772453,
57261568,
30786387,
26781870,
77693536,
39564736,
84442536,
80250319,
38848158,
27503418,
54537489,
4688231,
30086349,
17871506,
57831349,
38761908,
2376209,
1154611,
64765016,
37649320,
15936370,
69228245,
91449532,
33833230,
64450427,
44088292,
80476891,
64014615,
96622984,
22011689,
69105797,
56119752,
51053997,
43266605,
20447641,
90519313,
18716735,
92353449,
35037880,
4810828,
92092092,
37626500,
91258852,
27642961,
54631665,
41209827,
28369508,
65976795,
92970404,
39581190,
29724053,
66171432,
76471944,
95500396,
65236257,
3298689,
90809975,
79538761,
82321037,
66698383,
38026562,