87182127,
42878636,
47482043,
64977888,
32360466,
88305705,
51788412,
79094383,
98905,
13455674,
66938505,
3422200,
99427357,
42600274,
60168186,
12262393,
45667991,
63845230,
38695361,
52022648,
5489987,
87460579,
35726888,
4931121,
6205579,
22829942,
49121795,
90365482,
66194206,
74003290,
11398951,
5153769,
67820935,
93715853,
26638543,
38572779,
12632096,
86238081,
17540705,
81055000,
44944304,
78942513,
47882565,
73271204,
8321183,
13317419,
96334243,
52900000,
25415052,
66815913,
39817919,
92200612,
9553721,
276357,
73055622,
78765160,
59843383,
70939418,
17328157,
65193366,
94096018,
53989821,
39373426,
20584712,
95218695,
21607304,
68001309,
68823957,
72332074,
45948430,
50065971,
30426226,
75304793,
12525049,
5399521,
49919798,
48605591,
11110587,
91588074,
30539496,
31548814,
90243945,
25793414,
71007216,
43722862,
70117860,
14577226,
27750191,
675319,
46060017,
74393852,
85115440,
4367330,
73881652,
48905153,
4145852,
78872731,
77150143,
11510448,
31755044,