56827051,
69304426,
14558127,
975299,
82821760,
55705473,
9852718,
47185546,
70026064,
33334269,
51497409,
9030160,
96857854,
83048208,
58984738,
60675348,
75425320,
60832978,
13035077,
94982447,
37469904,
86937530,
40542825,
81109178,
84046493,
82257940,
22499034,
6442944,
48608796,
34550857,
76815942,
60954556,
97949165,
13758665,
40252269,
87769556,
95004025,
94160895,
21377582,
57761191,
47558785,
73820802,
2819435,
42378577,
18210764,
9000988,
49820233,
36527535,
73734821,
122520,
73511233,
97795930,
34302287,
48308134,
56649609,
75702749,
61397885,
1197847,
7161742,
61677004,
35272499,
47435107,
33280639,
15092394,
73468603,
62899696,
8284390,
35494087,
73828446,
37433748,
9212051,
35699,
1151281,
47556396,
74762582,
74640994,
69610326,
22211622,
96227613,
13331639,
33909817,
12219047,
36247316,
62645025,
6983839,
61529473,
49430782,
88581108,
35125879,
76647978,
69452756,
10441498,
23068051,
74580251,
96073342,
29432356,
41375811,
98918572,
14970113,
20155904,