39024589,
98864751,
95735217,
4709881,
59919307,
63528891,
58400390,
22802010,
96704974,
56526564,
22198672,
22916281,
60349525,
95511642,
36033786,
59123937,
6766208,
79559912,
10131855,
59687381,
30757127,
97926515,
39838559,
66322203,
93449450,
67045745,
5043010,
67598234,
54507222,
91718579,
62376646,
60461077,
24073068,
78437364,
97688360,
69319869,
97466712,
23924608,
77610772,
31226177,
54320860,
23850421,
84673417,
43436049,
35911108,
21893603,
56166150,
10071151,
24037702,
3987233,
18837926,
30194529,
44009443,
17988746,
32787239,
22138839,
58464739,
19959563,
18000338,
96404912,
56343672,
94666032,
4388680,
83550869,
62306203,
68989981,
35259350,
26420373,
23314220,
9523599,
70771599,
42160203,
96733134,
43387895,
84869738,
70493141,
95081386,
5821478,
58297729,
82738277,
45221020,
61283655,
32448765,
35371948,
98700941,
35199656,
21076084,
83747250,
57348141,
60431417,
67267333,
30650147,
31772684,
27103517,
84899094,
57288708,
61654098,
21254443,
97648103,
81616639,