28776350,
80143954,
52927340,
53143898,
25533642,
93503294,
27541563,
89538537,
32181268,
4591250,
68507541,
31102447,
53266486,
29508346,
66719533,
80250185,
28486799,
31833038,
88086137,
55870497,
29716911,
91269402,
28593329,
92327802,
5560911,
28053763,
43803845,
32965616,
15693423,
2144946,
38532954,
75059201,
49655592,
79176962,
18621798,
51091138,
91482773,
54088068,
30010480,
77994337,
15710054,
46083111,
51205763,
10698416,
83293307,
88316955,
70298454,
67231737,
65100616,
27664101,
94919024,
35618217,
8491961,
26655293,
44026393,
71133680,
45960523,
52714670,
45148985,
20720928,
72355272,
19476824,
18743376,
89208725,
65170459,
4848423,
68353324,
90590303,
14470845,
93104632,
65993085,
53936268,
31443476,
31980955,
54658815,
40509732,
91665064,
6783559,
27877771,
7805147,
1322368,
54458867,
74937659,
92481084,
70410002,
94626871,
91505214,
66015185,
13482075,
76871889,
2266498,
49477180,
83477829,
93236220,
67831115,
89320376,
16329071,
66393507,
92781606,
39998992,