1508649,
35146019,
80237445,
36694815,
36668118,
62753201,
97803170,
1482001,
37480144,
87170768,
98095162,
36368606,
89015998,
50696588,
42908201,
96540,
37880706,
9547962,
40669071,
39271553,
1061200,
75676192,
38459905,
269510,
49847524,
209710,
24484270,
15419596,
61818176,
75719089,
16632144,
24094258,
64697431,
15397015,
59934749,
77511331,
73275815,
63092423,
37310367,
53620899,
35606858,
20537097,
66022706,
92204263,
93020401,
28692962,
56809158,
38502358,
29415459,
32472237,
80959027,
28570310,
91182675,
27354732,
53842431,
54965929,
24429467,
38325384,
63053267,
55573346,
41782653,
879958,
29185231,
38203732,
1118137,
22423493,
76232522,
58811192,
74997493,
75078585,
2220237,
5087128,
92080692,
61888819,
74715061,
24207889,
75119040,
68860936,
94365540,
99157310,
31759689,
94142993,
67744384,
63875853,
49725936,
77058170,
13452889,
3909436,
76798740,
49394035,
2287848,
88392300,
55787576,
2930675,
35546670,
62530723,
98935722,
40516623,
85216896,
14575467,