86885905,
76685519,
42790071,
57769391,
84976088,
97947705,
44586426,
45025640,
24224830,
87259933,
14469229,
87475570,
37007105,
58582979,
50426119,
11167052,
83032858,
18214905,
71797713,
19036557,
72819261,
45702014,
46425662,
6764709,
33158448,
5641251,
32036866,
69553552,
64514892,
33541430,
59490397,
73642296,
12097275,
26285557,
85008676,
30286474,
90512490,
47439573,
10045474,
97273514,
46247282,
71614230,
75452921,
10158145,
39064822,
65330383,
3679218,
2857636,
38342335,
86607583,
51335426,
23331400,
96150936,
83828288,
84754430,
50213848,
84640866,
61557074,
8192327,
50548657,
24154052,
40854824,
19636995,
23002292,
98552723,
7986397,
34093683,
24940422,
86938484,
4914353,
97729135,
8608979,
48152161,
43464884,
11375683,
72529749,
7969770,
41302052,
77307161,
99890852,
3792766,
63492244,
22219822,
86825114,
59604521,
37129797,
70491682,
60375194,
33971095,
10813327,
70975131,
1735088,
46647144,
12989604,
58374719,
99674361,
62279666,
25163979,
85763457,
10852583,