80584548,
21984400,
6556178,
85289965,
69217334,
67378104,
47346782,
94703021,
41933425,
85679527,
20862918,
91646304,
54525057,
45002991,
28031913,
72228247,
81524756,
96434581,
55241609,
9617996,
69039982,
55312487,
11851647,
56364287,
46724542,
29975188,
33041277,
82428674,
24731391,
11674673,
32828635,
34767865,
43316238,
16209941,
70711847,
15083304,
43694650,
89462956,
86124104,
59913418,
82103466,
29253591,
48891960,
12496261,
28927782,
92868896,
62000467,
10552026,
20191720,
93581434,
67586735,
47946130,
7778726,
53303460,
80701178,
2414168,
56256517,
48068378,
32995276,
55034079,
11074235,
72006609,
54199839,
12196873,
73341839,
29649320,
94599451,
41359411,
42472002,
5361816,
86401517,
64207696,
55997110,
3752422,
17322533,
84453939,
79698395,
81306186,
34989413,
74163487,
50139096,
13518809,
78876707,
93655221,
67218327,
8491308,
93377803,
48468330,
17688543,
95612049,
59281822,
53077251,
739444,
71384012,
49930315,
27918365,
31706048,
68191756,
27705190,
60162470,