2411269,
27024795,
80141055,
55878038,
4478086,
21830679,
20501450,
44656450,
63413494,
55838342,
39528955,
42717221,
65801012,
16006416,
84569886,
26302107,
52350806,
25140659,
90807199,
99745551,
17257342,
93507434,
29996433,
77967790,
82385847,
56980148,
78084378,
73240432,
82162616,
57995165,
66023650,
34773082,
30741503,
55168550,
28770951,
63956833,
3356494,
58012707,
17535764,
21663205,
58657303,
79206925,
94016752,
51412776,
18474999,
82085295,
17722185,
76145142,
24027078,
81263643,
81223446,
56773577,
37561138,
88923963,
94046012,
21441617,
57835716,
29666221,
90351981,
55051920,
62834295,
26845680,
3134857,
9113513,
93394164,
81481818,
69946549,
72129804,
38784726,
16313112,
20618081,
94620082,
20788863,
41463182,
56003780,
67225377,
1295111,
52534264,
21623008,
38406364,
43994202,
17509503,
15291624,
18444733,
95238394,
41685633,
56713174,
55591586,
83107873,
20318029,
29596581,
82045034,
43534808,
44716890,
80101899,
89928517,
87800375,
64178424,
90173539,
93920420,