14261867,
24140059,
51351302,
23927567,
42364374,
10012614,
78783370,
45547649,
2204140,
14087893,
38699854,
76532077,
84740193,
17597059,
4861205,
12183332,
50412166,
86801871,
75109441,
65830223,
41398771,
2926176,
2833249,
1804528,
78053598,
89111398,
90980792,
85562745,
40933924,
47233801,
2326738,
3549275,
11961740,
77561728,
76922029,
39711336,
78266168,
80233946,
25262697,
99877698,
62473983,
50712728,
37101832,
63695531,
24317029,
99690140,
26084285,
88989706,
40659562,
76052811,
10248192,
97923414,
5257687,
51934376,
83986578,
82642348,
102380,
17214465,
24530661,
46411259,
41482598,
75285069,
17192817,
70307656,
98745000,
40172183,
47355498,
38411870,
38299233,
4335645,
59290628,
54704216,
76848240,
39537362,
63571750,
43716289,
76754619,
77044671,
1082946,
38723936,
4178474,
85684223,
58577036,
37576645,
5990062,
83555667,
30450531,
93382620,
16509093,
72405967,
16222645,
77876207,
2792265,
4035199,
31242786,
23205979,
65810489,
41872150,
15383415,
73628505,
44913552,
40350910,
64697231,
3055837,
3149764,
42994702,
87523462,
51534754,