92998610,
43341600,
27548199,
39505816,
50690129,
12021072,
51476410,
14505685,
25200959,
63533837,
86784733,
52698008,
83518674,
9064354,
24487411,
85636437,
64655485,
90050480,
38383368,
78661338,
786906,
17956906,
25800447,
13965201,
59537380,
6990577,
47393199,
11908584,
86148577,
43411769,
11012154,
13143275,
79905468,
50186558,
48815792,
99115354,
65877963,
86758915,
3111207,
15327215,
72453068,
77848740,
85840608,
14088859,
74414885,
4055337,
47171541,
8820526,
49238328,
31440046,
30227494,
3233859,
66141736,
48355999,
86962245,
59577547,
87871125,
37261776,
13173832,
90020780,
86926989,
79783880,
41562624,
52711246,
40364916,
74798297,
5177985,
26326541,
12421694,
12950294,
65500515,
16428514,
73575650,
48015771,
29913783,
77754169,
48633301,
11234702,
99937842,
74627016,
50750868,
66722103,
82496097,
18678554,
81670445,
55285840,
19891131,
56308388,
91272072,
98169343,
14365823,
88693151,
51208046,
12743620,
88093706,
44163252,
81558967,
36458063,
42388271,
87571563,