21187631,
12977245,
2547033,
20665527,
88332693,
74431740,
39015,
9581215,
34966096,
58699500,
88210105,
36975314,
96915510,
87497553,
69526976,
56337500,
57160136,
48032131,
57433966,
83928661,
69394324,
48150362,
62587693,
8868767,
23732205,
93854893,
22900219,
75366958,
48372950,
58672736,
11755663,
69121954,
40971261,
33022867,
36205132,
21065189,
86605184,
52947044,
60643553,
58655504,
95515058,
22510667,
13090893,
40003819,
97637162,
94677445,
13482262,
9794980,
18478530,
61465001,
20343502,
47810543,
51225407,
21887175,
84731222,
23545031,
12760674,
84040113,
76375976,
816427,
95493471,
90126061,
21858819,
8972398,
703897,
76589546,
75153328,
72083436,
36111775,
74644400,
84271823,
49094491,
83554231,
11434258,
62370023,
36730805,
49154689,
34244455,
15721392,
57450198,
1825445,
73422829,
47027714,
74218258,
15543940,
19190082,
83705073,
46701379,
45584727,
63509474,
95793022,
57282724,
73192600,
36197902,
35183584,
14604710,
58004362,
7850740,
10312660,
72700231,