4280258,
17469113,
84257883,
67073561,
13117073,
46924949,
5402805,
53167658,
6247535,
76722334,
19420830,
9097866,
31897444,
35770983,
61764082,
98371278,
11969228,
26557451,
37444964,
74665651,
1050355,
46984349,
92223430,
37414347,
85862791,
21834870,
39730727,
27895597,
70252926,
57869175,
84218527,
91407982,
2994495,
92345028,
22373487,
71197066,
30552375,
49105782,
90384300,
75888208,
49389190,
27240101,
3567660,
68295149,
43857222,
43735670,
79130389,
84430165,
5524387,
36492575,
62886670,
52945066,
21364070,
83035296,
32519092,
38267552,
1872843,
54191698,
26773909,
44680819,
57647597,
63009228,
45702357,
66947913,
44640691,
19590644,
99162753,
78917791,
22586618,
28617139,
64002884,
57823578,
50820852,
96214561,
23619206,
59707204,
95192919,
19307353,
76500786,
83195035,
98159737,
60942444,
97036149,
24557335,
23431858,
56001930,
82319644,
65124425,
10642488,
18585765,
63731062,
62487836,
71074418,
59778096,
30674956,
85970321,
61884774,
58981727,
54880296,
10612222,