80801743,
27412542,
35498188,
99004583,
29189613,
14169843,
40663548,
79656239,
69170403,
47474172,
15177750,
263926,
14839621,
55351724,
2102065,
36809777,
20735371,
91740879,
27352108,
88667504,
75991479,
33298291,
63410069,
54446813,
80831552,
5041348,
23935886,
25964547,
98570539,
61459246,
62171834,
53417695,
28957126,
13046291,
68934651,
88774734,
92362073,
32530043,
13224603,
52502677,
16990348,
33652635,
16003979,
66290900,
88996322,
20201255,
52394047,
93684009,
29357687,
1980574,
65741786,
76830505,
41440817,
48596760,
91027843,
91953000,
27012990,
54569495,
67712104,
28174796,
30691817,
80627281,
94207108,
74879881,
637216,
51786039,
54239282,
35187185,
15627227,
14055212,
99792080,
62393472,
49729312,
37021315,
75713017,
5329790,
28534130,
31313405,
54529134,
91140491,
87844926,
28234578,
15381421,
73539069,
92176681,
89789152,
87052196,
66863374,
92562411,
90814668,
29479265,
93084621,
89019964,
67680512,
26236560,
53624265,
54807656,
56577312,
40441990,
42172465,