59332125,
77421977,
85327820,
22933016,
1966438,
15808381,
13923256,
77539547,
76416959,
40140448,
2801664,
40428851,
4810585,
58116537,
11711438,
29603180,
38173725,
38960450,
97661969,
64178868,
22953211,
67647362,
42429678,
9028399,
84482694,
2089016,
45462149,
57093995,
50277355,
1566817,
97383507,
35394356,
42149850,
14146794,
78751195,
41927278,
88413677,
15754711,
62111090,
55976207,
92597893,
1759808,
24882256,
83266006,
36239585,
63633694,
23656668,
56198785,
38143903,
41306080,
62411042,
59054773,
36016907,
49296203,
3693034,
75690317,
11699941,
25904894,
78543464,
61399402,
14532163,
24842059,
68957925,
99885917,
94446564,
25726386,
99628747,
76209339,
90444325,
36849933,
63056220,
63233638,
84504242,
40204620,
75364199,
28981598,
98806751,
16020923,
20426176,
93031067,
94253655,
20248754,
68769900,
49082032,
2971446,
4148264,
37351133,
46271408,
38783169,
86449372,
74578720,
59208943,
76587747,
10877309,
1799464,
744887,
37061511,
31374201,
98506199,
64756282,