10493654,
69381150,
86066372,
33545259,
6438003,
60033398,
32422602,
33609093,
98022050,
33212663,
6728559,
29374928,
55349375,
46898368,
7150545,
62850093,
32600024,
48736598,
84121193,
8662794,
34761841,
72060415,
8495780,
71978434,
50793215,
45483489,
24799107,
97268402,
80621422,
73309655,
7610394,
32887445,
6498706,
82257671,
52038441,
69811710,
90361289,
81344070,
24521754,
7540107,
71555408,
11516241,
31548215,
55762976,
68199168,
34721681,
97300502,
63972571,
70156946,
73287067,
85243784,
94183877,
69838761,
68159562,
71348837,
51916853,
25643346,
33945211,
47910940,
69003792,
18954366,
45666710,
72090076,
19211362,
46606977,
70333910,
71278040,
220414,
94431029,
83682209,
43004235,
44227727,
18832779,
17016131,
12450071,
95568112,
87188910,
8372133,
5376159,
8559524,
29177818,
44161893,
56161953,
59859086,
19671102,
75988594,
34496660,
82566662,
11738489,
5206415,
67037924,
45943123,
59071624,
26866984,
31588572,
99249638,
23672629,
7337976,
94553671,
70226289,
32764863,