37478723,
64867422,
90861137,
7279373,
99927991,
65711558,
62528292,
7913375,
51706604,
55289183,
3040496,
61525276,
24508238,
36614113,
32349062,
55415564,
18168997,
54527349,
93078761,
33296432,
60303688,
29354228,
69680031,
95679145,
65589010,
22073844,
82956214,
96891787,
42596828,
57416183,
39317553,
29280589,
68468459,
82896870,
24299458,
78778375,
18138630,
99049589,
98804359,
50354944,
34130561,
15989522,
2106266,
43218406,
51684157,
55749927,
20899496,
82773292,
95953557,
40251688,
77656797,
94730900,
21351206,
58346901,
56294501,
80839052,
89617515,
54635100,
54563536,
26534688,
17946349,
78990927,
93018428,
57523313,
63644830,
76833149,
30439101,
82134632,
56401775,
20003027,
20129614,
37256135,
1984618,
44440058,
16306932,
37256334,
65029288,
96157835,
79985120,
82197831,
16001119,
84404797,
55702233,
51686645,
3828844,
29303524,
21011044,
33318980,
69550259,
96945958,
29477860,
38590361,
56461575,
33918636,
4167084,
16223761,
41373230,
25311006,
81951640,
86395581,
24181936,