73304257,
64276752,
11819473,
60110982,
74426895,
410904,
48814566,
34848821,
85325774,
8454126,
35960413,
90448279,
13694209,
87481592,
33026283,
75157704,
49158617,
7631534,
11759079,
60237530,
85360035,
87669904,
49752795,
75025112,
52119435,
46809548,
8576764,
48815792,
71459017,
48144778,
38904695,
86547356,
12541409,
74148483,
65398390,
36539330,
51697825,
53054164,
72171665,
545781,
7574904,
34695290,
79072916,
5466615,
31855260,
34572613,
60967717,
42577802,
43709490,
62201847,
61089209,
8200556,
79194594,
6182103,
74202664,
91397409,
13764602,
72924435,
88504133,
25725326,
9798352,
28781003,
87091930,
52159691,
51933043,
87321742,
13486638,
36187051,
48214588,
88544390,
25538345,
51097887,
26847978,
87209160,
50810455,
14816857,
86379342,
40975243,
52331012,
99726621,
25908748,
12931061,
11637481,
49936169,
48636108,
47021196,
14886190,
61641818,
13364097,
50275295,
8736823,
49966326,
92519087,
49088914,
27069566,
86483512,
90664857,
12571621,
11429811,
14602126,