43575579,
5846183,
78225596,
41830887,
3507053,
3875465,
4729591,
77102944,
30996652,
78447174,
66380357,
30118200,
17170970,
29223325,
12444060,
53389254,
91351370,
81105204,
14087893,
80457744,
37057743,
4538826,
87116928,
50277355,
43694650,
78144171,
12930501,
79266769,
76218313,
17032740,
33574806,
69884162,
25366484,
42052439,
30382214,
50366775,
12015000,
21225115,
59419719,
86520461,
96897184,
59531356,
54507222,
43175027,
6568731,
79169622,
58901502,
7391448,
70569684,
59277750,
74063034,
13529466,
11270236,
12307878,
49513164,
41659072,
25148255,
97317530,
12435193,
34680482,
16958382,
72291078,
44297127,
74122412,
15232745,
42230449,
84013237,
4997565,
78625448,
4019153,
79747096,
47017574,
56832966,
77402960,
41418852,
42352091,
72537897,
17679043,
87742943,
80681226,
74875003,
26889158,
87871125,
2220237,
12292422,
83295594,
16780318,
10000,
85808813,
66403530,
15661378,
24096499,
23147658,