70335319,
91392974,
34267821,
20292186,
91420202,
90161770,
27565379,
26443791,
91283212,
53950487,
80949182,
25221249,
65899613,
28388927,
54772065,
61901281,
49202162,
85289965,
69015963,
76045757,
30757127,
82385847,
146746,
8198620,
40854197,
72926163,
40044918,
99267150,
81439173,
31683874,
68078978,
32305461,
6311717,
79890560,
5298175,
97520532,
79922118,
43528009,
71799173,
85696777,
79606837,
5772618,
72813401,
99330325,
70744296,
67955331,
94919024,
35618217,
71791814,
31461282,
97211663,
39622156,
66011101,
92015800,
23187256,
28400508,
72129804,
8802510,
89226534,
60303245,
1295111,
3717252,
37445295,
4939890,
30328508,
26077387,
99550630,
98338152,
63166095,
93138457,
13556444,
16428514,
23516703,
52838896,
2295831,
30348744,
94350039,
66733743,
73639099,
4072687,
57425061,
18094166,
54185227,
22865492,
61320914,
96693371,
83414006,
46759931,
27780618,
82697428,
19186123,
7133305,
99234526,
64178424,