62325062,
48202661,
67987611,
73574678,
55821894,
47480070,
81325903,
94004268,
10979723,
34236961,
53112492,
9156135,
7180418,
71453557,
61127349,
71413901,
59364406,
95841282,
72630549,
8964854,
68057622,
48148828,
11321183,
8634636,
70231910,
38033121,
98502113,
6967870,
10209545,
72575145,
12965761,
69579761,
87880531,
73414375,
20727787,
24096228,
80193355,
6390406,
95451366,
26931058,
85359414,
46181000,
7512044,
73698349,
11813953,
10809984,
47025270,
21840375,
65396880,
33784505,
35059553,
84814897,
60519422,
69456283,
11091375,
8034697,
32362575,
7802006,
34206604,
34906152,
32062913,
33114323,
64274292,
68334074,
69279219,
11021521,
45141844,
58538870,
73398797,
12143771,
63442604,
90669991,
34029630,
47415292,
35429292,
8842266,
7625614,
94739788,
90846359,
46303688,
70791313,
19086954,
27053506,
60391791,
73752131,
46363422,
84696266,
84636823,
38275183,
96677818,
99517131,
91781589,
33184167,
2903036,
32240937,
11743119,
85936485,
46571052,
38992735,
9786492,
62651957,
2111707,
91998119,
99724761,
65622692,
25119460,
64500000,
47693640,