44179224,
70564929,
58921041,
59969392,
12444060,
73289035,
31615285,
94381039,
73853830,
50954680,
72402069,
18897163,
13974207,
66262416,
93657021,
31849106,
38179121,
34116027,
1945387,
46772449,
73176465,
91949988,
46659709,
59019082,
80280944,
3779662,
67385964,
30864377,
23440231,
93946239,
57774843,
65430834,
91712985,
92435533,
95503687,
22624373,
4423206,
22446869,
30100551,
35255456,
39272762,
88177324,
80117527,
31801517,
83347294,
45014450,
19619755,
46136942,
10731333,
82224646,
74586817,
77558536,
43047672,
73347079,
6552938,
23603403,
65314286,
8240199,
691925,
39041729,
14824019,
89739383,
71386411,
44891812,
17775525,
62709239,
27107590,
5288597,
52687916,
79441381,
6830480,
47084486,
45170821,
82697428,
78229193,
5614808,
32825095,
78010363,
58996430,
28929131,