1508649,
35146019,
87112784,
96699830,
68987122,
29401950,
7394770,
85087012,
82639107,
39964797,
70095154,
33093439,
60600126,
35050257,
14517422,
87990236,
52840267,
25339070,
13035077,
37469904,
63845230,
14124483,
9409625,
95372220,
66765023,
35726888,
77693536,
6616912,
67598234,
55063751,
9677699,
899287,
60944809,
72283691,
34137269,
7443908,
46294982,
69109764,
96220350,
31226177,
72883039,
36894320,
45072394,
34559295,
41916534,
73405179,
60822251,
56111151,
8955148,
72566043,
34959756,
3580032,
74530899,
4688231,
7733560,
83764718,
54959865,
17955766,
43237273,
80344569,
57690191,
59057152,
14152862,
8387138,
90590303,
35772782,
71166481,
8165596,
15744417,
68819554,
67696066,
25542642,
13048472,
96729612,
78527720,
49036338,
14512825,
35842855,
79407975,
60222213,
33015627,
8967776,
32615065,
71344451,
41420027,
40605147,
41139112,
69610326,
98558751,
33837653,
11163040,
90432163,
36426778,
22593417,
6983839,
53582587,
91505214,
21076084,
95504778,
69452756,
49959355,
66399653,
53027855,
61654098,
97648103,