83994646,
91869203,
95174353,
67371383,
85639257,
9076207,
15480588,
20277860,
63689843,
40619825,
36280194,
61528025,
32452818,
16768387,
65240384,
65169794,
11901678,
70138455,
53183600,
89631139,
57409948,
6104968,
24294108,
78193831,
97077563,
57953380,
36468556,
91152256,
20228463,
1248895,
79323590,
4031928,
81380218,
21888494,
40240595,
17375316,
85802526,
28279543,
94377247,
34124316,
90925163,
53129443,
53375573,
46986414,
92377303,
57579381,
24128274,
44763025,
22959079,
74701381,
50045299,
88733579,
60082869,
67105242,
11324436,
90219263,
96355986,
95051344,
5556668,
33396948,
21598948,
97687912,
17653779,
3027001,
41392891,
18591904,
64752646,
66788016,
34460851,
45231177,
96890582,
84834865,
74923978,
56594520,
66889139,
6368038,
37313786,
423705,
95178994,
97017120,
13039848,
42703248,
98299011,
78658564,
10992251,
13676474,
16762927,
61705417,
85742772,
95744531,
90502999,
7089711,
76812113,
12206212,
21015833,
5434080,
46130346,
81863068,
76184692,
38552107,
64047146,
46821314,
5600127,
62397231,
21297224,
61740673,
94163677,
54109233,
23615409,
3056267,
21770260,
21558682,
83968380,
77585513,
32809211,
23289281,
62340868,
4266839,
1184620,
19406822,
67284908,
87756343,
7902349,
44519536,
62867251,
49587034,
55226821,
23171610,
81777047,
79870141,
83746708,
59344077,
81210420,
31560081,
93013676,
21593977,
99597615,
40374923,
54652250,
38369349,
44287299,
82432018,
28933734,
20765952,
29549364,
56948373,
57882509,
10189126,
22046459,
86569121,
44656491,
32539892,
1918087,
22359980,
19384334,
83764718,
93108433,
79106360,
57839750,
98049915,
18161786,
83011277,
15025844,
5318639,
22567609,
71044499,
17449108,
2130625,
12953226,
74191942,
27911549,
36039163,
58192742,
24094653,
55144522,
70828912,
12580477,
66719324,
33066139,
65570596,
38199696,
74677422,
64631466,
8951260,
19827717,
31709826,
70903634,
8124921,
45778932,
70046172,
25955164,
10352095,
23401839,
58621589,
59560625,
87303357,
95956346,
90357090,
98139712,
32274490,
30532390,
3797883,
45986603,
35346968,
57617178,
5758500,
18807109,
53530069,
21175632,
63102017,
98434877,
70781052,
51345461,
72302403,
3573512,
43641473,
41142615,
66989694,
34694160,
66362965,
42829885,
84080939,
68049471,
3643300,
49064413,
32541773,
16430187,
43434803,
27125110,
63519819,
35316708,
82003859,
65458948,
91842653,
15259703,
18605135,
53582587,
4206964,
79759861,
21237481,
60806437,
22702055,
82999629,
56747793,
70368879,
1784619,
56387350,
15150365,
87796900,
73216412,