295517,
28596933,
25345186,
18036057,
40916023,
69296555,
42364374,
2134346,
48305365,
88819587,
40633297,
41925941,
81480461,
18246479,
40133511,
45547649,
41426869,
87564352,
39507162,
28470714,
98239899,
32015116,
25880422,
2204140,
14087893,
38699854,
76532077,
29401950,
61622107,
80163754,
4861205,
11384280,
95727991,
93220472,
10375182,
62966332,
93889755,
31036355,
2926176,
69015963,
5494820,
80071763,
1804528,
89111398,
31829185,
53982768,
40933924,
93599951,
45895206,
95286165,
94212438,
5616412,
3549275,
24623598,
76922029,
3682106,
63018132,
55763552,
28563545,
55991637,
54178050,
13215230,
55773067,
69954399,
53046408,
74131780,
77910045,
78706415,
66235877,
49681811,
38742075,
38538445,
39711336,
33550694,
26902560,
37684215,
5818798,
69140098,
78266168,
45894482,
53493204,
80233946,
79571449,
14291024,
33737664,
29618570,
88989706,
2356994,
14141448,
61831093,
40659562,
64801562,
19613556,
75745607,
98069388,
67629977,
28546905,
77084837,
79575620,
91512835,
94773007,
41855169,
5257687,
17444133,
69455834,
83986578,
82642348,
40640057,
88240808,
28566710,
87322377,
16475472,
68658728,
99510761,
57482479,
17658803,
46700124,
77414722,
61844784,
53119267,
40695128,
17214465,
2460565,
71466592,
7359741,
7489323,
6343408,
41482598,
44095762,
75285069,
33508719,
70307656,
46657337,
1347977,
68516705,
38411870,
38299233,
81843628,
52077741,
56995655,
14531242,
39537362,
39751094,
19153634,
93920745,
48579379,
63571750,
52860176,
51371017,
76754619,
77044671,
94905343,
37576645,
32807846,
99518961,
20436034,
70344351,
88279736,
33950246,
51452091,
16509093,
93016201,
49868263,
24611934,
66602787,
26202165,
16222645,
36562627,
77876207,
71829750,
3819470,
30778711,
37620434,
56830749,
52097679,
82085619,
15653824,
6733059,
63789924,
41420027,
76297408,
77527210,
47852924,
31553716,
94772232,
31893528,
30170981,
67287533,
67957315,
92394653,
99173029,
15866454,
94425169,
81385346,
8201910,
65810489,
27770341,
40473581,
41872150,
15383415,
16589042,
403847,
71107816,
30606547,
92408984,
68400115,
84926738,
86099788,
40703393,
76305638,
99351431,
10262698,
51275027,
95281259,
6285791,
41462083,
31786629,
70797118,
49791927,
71625222,
40350910,
79875176,
43509019,
42386471,
15270885,
16392422,
89997728,
71283180,
75372290,
64697231,
46918794,
55013285,
3149764,
43586926,
54752875,
88132637,
94119974,
94568601,
53839837,
95220856,
42994702,
75953262,
27324313,
89258225,
78010363,
80741828,
6979239,
76862289,
3078576,
88472456,