75380687,
15381252,
81974607,
77235086,
39618799,
3629090,
76103404,
43892408,
22804644,
42291297,
80630522,
16802689,
81752019,
16024176,
54135423,
89818984,
17141718,
43413875,
78785392,
54358015,
18963306,
83743222,
18175965,
94535485,
16404809,
89397517,
85800949,
84565800,
80019195,
19025379,
39996157,
84687358,
269012,
51126152,
57314798,
93713837,
29208536,
56292140,
82697249,
29085954,
55470553,
67754901,
33103459,
7714344,
74875003,
96592102,
60508057,
81954378,
21142671,
19747827,
45410988,
42776960,
95658967,
46354113,
20920083,
24731453,
54447022,
97520701,
15033525,
46232525,
32588805,
1784686,
11082056,
16255173,
48179391,
24413299,
3912064,
53315891,
10960419,
58293343,
57470761,
34507039,
67547370,