24140059,
6850209,
51351302,
47372349,
62325062,
16135253,
48202661,
21070956,
67987611,
73574678,
55821894,
47480070,
81325903,
94004268,
10979723,
23927567,
34236961,
53112492,
9156135,
49881766,
22796548,
56246017,
7180418,
55348096,
85489096,
71453557,
10012614,
78783370,
48094997,
94463200,
85605684,
61127349,
89041555,
35215622,
71413901,
59364406,
84740193,
69243953,
17597059,
12183332,
95841282,
28106077,
72630549,
50412166,
69313735,
86801871,
65830223,
8964854,
68057622,
33244944,
69035382,
96420087,
23265313,
41398771,
39978267,
2833249,
48148828,
86498013,
7572887,
11321183,
8634636,
70231910,
78053598,
13722870,
90980792,
97642679,
98502113,
85562745,
61587183,
6967870,
48768179,
74153887,
20858318,
47233801,
35798491,
10209545,
72575145,
12965761,
81985784,
69579761,
71200730,
72192100,
83241722,
11961740,
50939127,
56460688,
87880531,
73414375,
20727787,
77561728,
24096228,
16435215,
80193355,
6390406,
95451366,
12600382,
20188127,
32919136,
34193084,
52503575,
95308449,
26931058,
85359414,
46181000,
57069605,
49003308,
7512044,
73698349,
425934,
25262697,
99877698,
62473983,
50712728,
37101832,
63695531,
24317029,
99690140,
26084285,
32022366,
11813953,
47942531,
10809984,
73544866,
10755153,
74367458,
47150851,
9633505,
46037213,
9817927,
47025270,
76052811,
21840375,
10248192,
65396880,
33031674,
8581705,
97923414,
36261276,
73431236,
33784505,
55256016,
51934376,
35059553,
52824910,
54878498,
80441106,
84814897,
60519422,
69456283,
102380,
60258960,
90790253,
11091375,
8034697,
32362575,
7802006,
34206604,
8794435,
34906152,
24530661,
46820049,
32062913,
7369217,
33114323,
46411259,
64274292,
68334074,
49217579,
93671934,
82108372,
68191243,
69279219,
98745000,
40172183,
47355498,
11021521,
4335645,
59290628,
54704216,
11987744,
76848240,
20065549,
12482652,
29843091,
45141844,
58538870,
11548522,
73398797,
94585852,
75375465,
12143771,
63442604,
90669991,
34029630,
47415292,
35429292,
8842266,
68304813,
38723936,
4178474,
7625614,
82529174,
28121403,
85684223,
58577036,
2851070,
94739788,
5990062,
30450531,
90846359,
95515060,
94793422,
93382620,
46303688,
70791313,
72405967,
56120475,
11760174,
19086954,
27053506,
60391791,
9603356,
60365591,
86327225,
95638658,
82732705,
73752131,
46363422,
61370518,
84696266,
84636823,
29228529,
38275183,
29735721,
96677818,
23205979,
92854392,
73628505,
35975813,
99517131,
33977496,
91781589,
57182235,
3055837,
33184167,
2903036,
34853266,
21900719,
32240937,
11743119,
85936485,
46571052,
73219648,
38992735,
9786492,
68427465,
87523462,
62651957,
2111707,
91998119,
99724761,
65622692,
51534754,
25119460,
64500000,
16268841,
47693640,