86988864,
67048711,
21597117,
49771608,
64342551,
303660,
65064143,
55001420,
18378582,
79649195,
88236094,
87340664,
99284890,
82705573,
39892082,
16255442,
20374520,
39168895,
95472621,
42129512,
72989439,
38670435,
21466326,
5464695,
30653113,
25551951,
52090844,
41859700,
17655904,
95614612,
57139487,
82301904,
61044390,
97439308,
1434352,
9596126,
47829960,
40884383,
42541548,
94192409,
14618326,
66742250,
84970821,
58851034,
60912752,
33423043,
3773196,
65287621,
2314238,
40737112,
20522190,
69542930,
39719977,
39131963,
78613627,
93747864,
13409151,
21219755,
95194279,
23557835,
19612721,
56769674,
3493978,
67464807,
44436472,
43250041,
99050989,
31476755,
59820352,
82828051,
85166216,
12160911,
75043725,
6103294,
30531525,
98045062,
56916805,
76909279,
218704,
26566878,
58607704,
16556849,
9373534,
77491079,
30190809,
21887179,
13386503,
43793530,
47606319,
53776525,
18590133,
45311864,
39674352,
42868711,
13944422,
11448373,
36584821,
34370473,
68007326,
35762283,
30353551,
2671330,
74823665,
37957847,
56647086,
95214051,
4869446,
52768103,
79109599,
99171160,
66526672,
82005435,
87010442,
25773409,
62543393,
3136426,
37721209,
44595286,
40320754,
79182538,
43714890,
95492061,
77121851,
22609617,
6133894,
24435369,
65957473,
18190572,
27288416,
4732017,
43040603,
22493811,
39552864,
80161395,
98162242,
16587243,
16226786,
70861343,
51616747,
79335209,
8251996,
42941100,
44762290,
63120904,
78986941,
39019325,
52550973,
89959682,
26185991,
50823978,
91559748,
23701465,
24221739,
96316857,
70821187,
22589918,
83258273,
53890795,
57281778,
30914564,
96947648,
50593156,
77379481,
42071342,
2468169,
57585212,
73001017,
64306248,
97169186,
45985838,
44472639,
84550200,
68073522,
92924317,
78864369,
15734813,
63012333,
20644748,
42598242,
4259068,
48659020,
25343280,
4896788,
3510565,
31812496,
60764581,
41006930,
34646691,
5371656,
71983925,
19312169,
78060096,
64734921,
91123920,
91345518,
38730226,
65403020,
31076103,
90407382,
66926224,
56433456,
4081094,
78243409,
78697395,
27618634,
51838385,
5703682,
69196160,
90337190,
94256039,
19252988,
32298781,
83228073,
22431243,
26495087,
17078030,
66073051,
10035717,
81383947,
61166988,
75946257,
4542651,
51945556,
83133491,