49140998,
13026402,
89718302,
27744077,
89801755,
10509340,
83104731,
56094445,
980973,
46384672,
73879377,
84430950,
62633180,
37053871,
37970940,
14148099,
47453433,
242146,
61181383,
63142001,
35149085,
22996376,
51562916,
59380081,
36262024,
58268433,
21051146,
8715625,
87910978,
40267580,
42664989,
96501677,
51394546,
1801154,
48276469,
13179332,
16956455,
8508055,
74458486,
52571838,
18654201,
37083210,
8628798,
48092532,
86805855,
90928333,
74713516,
1102515,
35027493,
87621407,
9637706,
62113340,
49010598,
23965037,
34187685,
13532663,
53693416,
97342942,
23118924,
30314994,
65260293,
92755808,
66712593,
97623219,
61411502,
21844576,
58932615,
84327329,
35809262,
20721929,
61204971,
99414168,
26022485,
91862578,
74364659,
60369732,
87473172,
41089128,
75560629,
97806240,
88753985,
49998907,
1781310,
48206762,
51632798,
27967615,
51355346,
87751584,
57046845,
98792570,
12057781,
52323207,
9744376,
52648457,
60229110,
57270476,
40937767,
89405199,
75209824,
28357177,
88789641,
26412047,
98446407,
34100324,
91932350,
27927359,
54415063,
75782277,
23265594,
52417194,
22020907,
82260502,
759393,
40410110,
75830094,
11224103,
48229808,
9264485,
93107608,
22873798,
96631852,
52684508,
35052053,
26082229,
97570038,
95789089,
13756293,
36021814,
21908319,
96458440,
84397023,
25290459,
37231841,
69162969,
82452993,
45871897,
63995093,
60102563,
13626450,
72657739,
39191307,
49814180,
27134689,
94667532,
2694423,
71544954,
33767325,
75487237,
62327910,
82482194,
15800838,
75392615,
66690411,
52817046,
76321376,
85519211,
15960641,
58392024,
45159319,
4929256,
13803864,
1965724,
3810071,
74848038,
80863132,
47507260,
74591968,
60482781,
48576971,
49563947,
81306586,
4041838,
89628781,
23842445,
65878864,
90140980,
967928,
64751286,
18891691,
63356631,
74270067,
58015506,
88975532,
76539047,
73578229,
31440542,
90810762,
12503902,
74694807,
75417459,
14878871,
62420419,
54351224,
28143906,
20781762,
56058888,
61441708,
53539634,
64538655,
49398568,
20939559,
59237154,
1995985,
74388798,
86652646,
36119641,
51481927,
1669772,
10069180,
49328340,
53239672,
12923641,
89698120,
90740329,
1689516,
61505339,
97093037,
52101615,
88696724,
88089103,
15717011,
38479725,
26205777,
36361633,
83675475,
35686188,
12181376,
25578802,
67934141,
49441499,
34088136,
34830502,
19877898,
92084010,
15090429,
1571945,
57116033,
35322812,
37744402,
76515293,