5728014,
53828396,
31557782,
80045583,
92001300,
67829249,
30435145,
13250922,
90374791,
91989718,
29139104,
15317640,
22790789,
44954628,
94853057,
19733961,
55401221,
49522489,
33731070,
97023549,
92518817,
45898858,
66947414,
32296881,
30548775,
79126789,
6214884,
61968753,
28890974,
88190453,
77252217,
46910446,
18271561,
72287557,
50916353,
75041269,
31000575,
59907935,
68774379,
10248389,
70095154,
1546123,
76763417,
76986005,
4162088,
3370104,
2158562,
49375719,
74157028,
96428622,
59023523,
29612557,
45945685,
62868900,
99075257,
9910360,
70074904,
52702748,
5606466,
82112775,
28378427,
33875961,
65824822,
93554166,
72426662,
44883830,
84451804,
77608643,
13093792,
41613948,
40591390,
35464895,
62980542,
67095270,
81674782,
15595052,
10032958,
57062206,
76039636,
71490127,
71218746,
213326,
46128076,
94253609,
59793705,
79979666,
14225239,
81003500,
5285665,
41436536,
47737087,
25366484,
88820235,
83121692,
55615891,
10526791,
86188410,
36586443,
8198712,
11460577,
63749102,
31887905,
68881649,
4376658,
31764353,
19394153,
71060915,
43061293,
43340443,
70865988,
18511384,
93431518,
34460239,
58185394,
36354008,
85306040,
69632396,
14472500,
78004197,
38430673,
41249545,
57346400,
48653261,
18325492,
74825788,
32491822,
6924874,
21074344,
94689635,
44676200,
191749,
67951831,
32679370,
22587018,
53567095,
84173492,
23309606,
90876561,
23635815,
43697559,
34627841,
71587526,
64788463,
67468948,
54976796,
61850482,
17178486,
89222931,
30241314,
97240270,
32723153,
94940436,
95701283,
69303178,
32918479,
6137095,
14255590,
22512237,
48700891,
45906428,
55985014,
80551130,
1036974,
70948327,
7076131,
27581098,
63703130,
24643836,
98259197,
33248692,
58071123,
87978805,
71930383,
93224848,
66607691,
56840658,
67169062,
70278545,
37630732,
54289683,
4483989,
2316186,
75917088,
11678191,
26439287,
25652259,
37318031,
56524813,
6337436,
69890967,
23421244,
78211862,
91597389,
68280530,
46427957,
49645921,
44182827,
73648243,
50400231,
5498296,
67646312,
12117532,
7672244,
40867519,
32619583,
92219931,
63035430,
60246171,
97362768,
70156997,
42945701,
6540606,
79333300,
5368615,
44729197,
29013526,
6859683,
29590905,
20529766,
81896370,
45305419,
18895832,
10456559,
41589166,
29826127,
55008284,
25573054,
12538374,
72709014,
83235263,
7602840,
32752319,
6007213,
51638941,
93130021,
20951752,
58859575,
84243274,
96300057,
85066822,
28604635,
93730409,
98585345,
6480253,
7459013,