75380687,
28325165,
92053608,
66668900,
39260991,
91831066,
65446452,
29047353,
72714226,
74426895,
410904,
42502956,
43225434,
15381252,
67381587,
72930878,
9925982,
36442179,
73652465,
9047460,
15981690,
55569674,
81974607,
33453260,
34475451,
77235086,
39618799,
3629090,
76103404,
63261835,
18803791,
43892408,
82103466,
79997591,
22804644,
72621670,
7080743,
89719143,
68535320,
17236839,
42291297,
80630522,
16802689,
81752019,
16024176,
54135423,
89818984,
17141718,
43413875,
78785392,
54358015,
18963306,
8102334,
83743222,
17052477,
18175965,
34022290,
94535485,
90788081,
95929069,
99666430,
16404809,
89397517,
85800949,
84565800,
80019195,
68812773,
61692648,
19025379,
39996157,
22530212,
41386308,
88032456,
84687358,
269012,
51126152,
57314798,
93713837,
29208536,
56292140,
82697249,
36076683,
29085954,
55470553,
55888045,
69757518,
96864105,
67754901,
7634581,
16114248,
71408082,
33103459,
7714344,
31118030,
5010422,
32231618,
67503139,
68625727,
94997874,
30392583,
21414674,
74875003,
96592102,
60508057,
96142517,
33252803,
81954378,
21142671,
19747827,
71782404,
44397496,
45410988,
42776960,
93775296,
94807487,
95658967,
46354113,
36708764,
80831721,
20920083,
35329581,
6958551,
47264717,
24731453,
54447022,
97520701,
15033525,
46232525,
32588805,
1784686,
11082056,
16255173,
48179391,
24413299,
3912064,
53315891,
10960419,
26273196,
7171149,
5832914,
43175858,
79447365,
70560957,
60879050,
58293343,
57470761,
34507039,
14602126,
67547370,