6850209,
47372349,
16135253,
21070956,
49881766,
22796548,
56246017,
55348096,
85489096,
48094997,
94463200,
85605684,
89041555,
35215622,
69243953,
28106077,
69313735,
33244944,
69035382,
96420087,
23265313,
39978267,
86498013,
7572887,
13722870,
97642679,
61587183,
48768179,
74153887,
20858318,
35798491,
81985784,
71200730,
72192100,
83241722,
50939127,
56460688,
16435215,
12600382,
20188127,
32919136,
34193084,
52503575,
95308449,
57069605,
49003308,
425934,
32022366,
47942531,
73544866,
10755153,
74367458,
47150851,
9633505,
46037213,
9817927,
33031674,
8581705,
36261276,
73431236,
55256016,
52824910,
54878498,
80441106,
60258960,
90790253,
8794435,
46820049,
7369217,
49217579,
93671934,
82108372,
68191243,
11987744,
20065549,
12482652,
29843091,
11548522,
94585852,
75375465,
68304813,
82529174,
28121403,
2851070,
95515060,
94793422,
56120475,
11760174,
9603356,
60365591,
86327225,
95638658,
82732705,
61370518,
29228529,
29735721,
92854392,
35975813,
33977496,
57182235,
34853266,
21900719,
53839837,
73219648,
68427465,
16268841,