75380687,
72714226,
42502956,
43225434,
15381252,
72930878,
9925982,
36442179,
73652465,
9047460,
15981690,
55569674,
34475451,
43892408,
79997591,
7080743,
89719143,
68535320,
17236839,
8102334,
17052477,
18175965,
34022290,
95929069,
16404809,
89397517,
80019195,
68812773,
61692648,
22530212,
41386308,
269012,
36076683,
55888045,
69757518,
96864105,
16114248,
21414674,
74875003,
96142517,
33252803,
81954378,
42776960,
94807487,
80831721,
35329581,
47264717,
54447022,
1784686,
60879050,
34507039,