40155554,
8822710,
45033006,
69461394,
76650663,
55982698,
3648368,
71438011,
82377606,
41090784,
70583986,
60434101,
24040093,
97439806,
97651498,
54048462,
13761956,
77372241,
93211836,
24432029,
89211486,
53944920,
89333528,
51827737,
15605085,
16828633,
52222372,
33972299,
56704140,
80032567,
36717258,
23927545,
62701967,
59312550,
88494899,
29587993,
14983497,
41978142,
82199284,
89310929,
99150062,
33198837,
27762803,
98437424,
80555116,
16527176,
54161401,
61049315,
25654671,
16940215,
20700531,
6588580,
43925870,
44811425,
71315423,
7700132,
28465301,
54860010,
81254059,
17649753,