8233522,
9888196,
45450218,
72845813,
37806313,
90311614,
13361027,
28183605,
900787,
54578613,
59755122,
81962318,
12235475,
86840720,
19439119,
39477584,
8316661,
49633574,
47395382,
72328962,
46833854,
73040500,
9056100,
65749035,
8594079,
11012887,
71106375,
45711266,
44689688,
48411996,
85028288,
65961683,
38354937,
2956282,
33866130,
70083723,
11390349,
84905691,
47795344,
7478431,
70261145,
73783043,
65149697,
1533292,
10178757,
32744558,
6256844,
46572756,
64926005,
38528901,
73061465,
73483491,
3204467,
30299166,
76683171,
2088870,
35638627,
11722335,
47111934,
74506079,