295517,
12644061,
10928224,
57312333,
83407038,
84539520,
34487429,
44052074,
1278431,
64061284,
18486927,
83104731,
95735217,
81269231,
37663536,
44874522,
17663375,
81480461,
36262024,
41426869,
93969023,
11901678,
53183600,
32566831,
46290741,
77840540,
13235258,
11136371,
56889,
72881007,
95326659,
69937550,
32933942,
21698716,
68215963,
32710364,
7093411,
95600067,
35486099,
9334391,
87259933,
10004783,
47408488,
61525276,
45078193,
82562802,
40418351,
77625948,
41230939,
80033124,
44352516,
3019642,
18967507,
76728962,
70628672,
98804359,
85651167,
3113667,
15173384,
52684508,
54563536,
55343236,
38369349,
44139064,
20129614,
41456841,
90660762,
89785779,
41578483,
71340250,
14457896,
49511705,
82685480,
63945693,
79407975,
79856792,
63806265,
37440988,
7617253,
40854824,
60876124,
58257569,
74677424,
96561011,
88264979,
57135971,
44405066,
6172122,
92353449,
53485634,
21140872,
31733941,
67300516,
64631466,
78063197,
39387565,
19089195,
17745969,
66574418,
19801646,
63519819,
80987696,
59383041,
7171149,
28112535,
61190918,
79875176,
83629030,
21296502,
90960358,
43509019,
42386471,
15270885,
16392422,
65458948,
91842653,
89997728,
15259703,
12652643,
36328300,
23299957,