1278431,
64061284,
83104731,
95735217,
37663536,
75906310,
980973,
46384672,
73879377,
81480461,
41426869,
26302522,
40634253,
77840540,
13235258,
56889,
32710364,
7093411,
9334391,
10004783,
47408488,
76728962,
3113667,
15173384,
91512835,
1845204,
23171610,
41456841,
89785779,
41578483,
88032456,
75884822,
24643836,
2390019,
38395123,
72959823,
14457896,
48579379,
26185991,
49511705,
63945693,
79856792,
37440988,
64631466,
78063197,
63519819,
80987696,
43175858,
12652643,
36328300,
7736719,
84243274,
43140791,