15308295,
24907044,
78310590,
25629622,
39024589,
59057953,
4682617,
77297908,
23784496,
13662809,
41803903,
34838437,
93437091,
91351370,
9012916,
80254726,
17465972,
49003716,
73652465,
81470373,
14785765,
54082269,
20654247,
55410871,
57043986,
89631139,
21082832,
84058253,
59281922,
1546123,
82315403,
29719112,
86686671,
74157028,
55704856,
18597560,
59839761,
41620959,
35950025,
93717133,
53860621,
35112613,
88241506,
42925441,
1362589,
15520842,
89132148,
65367484,
43147039,
37630732,
29432790,
16643334,
81193865,
48800175,
56920308,
79814787,