92881099,
51369889,
71645242,
73580471,
99092624,
98884569,
34475451,
77235086,
39618799,
3629090,
91668401,
28053106,
76103404,
90724272,
90219263,
88875132,
53503015,
53325667,
65664792,
86308219,
12206212,
66386380,
39392286,
75064463,
39275698,
87639778,
75782277,
91946859,
48444114,
11439455,
51777272,
14152693,
87931906,
35618217,
24550676,
97165977,
88753594,
13935001,
50546208,
39996157,
27331568,
45247637,
64442155,
51126152,
26118970,
95658967,
24919805,
24731453,
97520701,
52481437,
56910167,
26096328,
12181376,
2986553,
25274141,
17720747,