71821687,
65743242,
14509651,
12071500,
94820406,
31829185,
16625614,
51993760,
87988305,
14386013,
51644030,
78700060,
44710391,
45836982,
46263076,
64187086,
41181774,
13650422,
95943058,
50304345,
86165817,
58554959,
86676862,
45659520,
18438874,
78275321,
79086452,
76543119,
92418590,
7593748,
8226374,
39806198,
43598843,
67968069,
66818682,
75433814,
42280216,
6471156,
44536921,
89181134,
69946549,
99913726,
5259518,
79864860,
72129804,
88069597,
31643613,
8148322,
32875265,
56339050,
40771118,
41209827,
39823987,
78552773,
17315396,
72043279,
70109009,
79852326,