83994646,
86198326,
48539234,
36868108,
63689843,
36280194,
11761845,
50122883,
57409948,
6104968,
24294108,
78193831,
97077563,
36468556,
1248895,
60682203,
30655537,
67049542,
5388481,
78861134,
24128274,
22959079,
74701381,
30325729,
88733579,
473469,
60082869,
60866277,
96355986,
97687912,
42599677,
3134241,
74923978,
37313786,
423705,
98299011,
84620194,
78658564,
10992251,
61705417,
85742772,
90502999,
73079365,
21015833,
61740673,
54109233,
23615409,
96965364,
16227556,
52675689,
4042268,
77585513,
4266839,
62867251,
49587034,
23171610,
79870141,
59344077,
81210420,
9074847,
75646520,
37580756,
1918087,
22359980,
93108433,
79106360,
31477025,
49251811,
71044499,
17449108,
2130625,
66927994,
2311603,
27911549,
70828912,
43711255,
66719324,
8951260,
67532912,
58621589,
59560625,
98139712,
5265750,
30532390,
35346968,
23471572,
4920010,
87511987,
90908427,
51345461,
32269855,
34694160,
66362965,
3643300,
296499,
43434803,
27125110,
63519819,
78423643,
35316708,
78984772,
21237481,
56387350,
31447217,
12253117